988
4 21.0836 47.2093 21.1161 21.0836 47.2093 19.619 18.4488 47.2093 19.619 18.4488 47.2093 21.1161 
3 18.4488 47.2093 19.619 18.4488 47.0673 19.3837 18.2919 47.0673 19.4526 
3 18.4488 47.2093 19.619 18.2919 47.0673 19.4526 18.2269 47.0673 19.619 
4 18.2269 47.0673 21.1161 18.4488 47.2093 21.1161 18.4488 47.2093 19.619 18.2269 47.0673 19.619 
3 18.4488 47.2093 21.1161 18.2269 47.0673 21.1161 18.2919 47.0673 21.2825 
3 18.4488 47.2093 21.1161 18.2919 47.0673 21.2825 18.4488 47.0673 21.3515 
4 21.0836 47.0673 21.3515 21.0836 47.2093 21.1161 18.4488 47.2093 21.1161 18.4488 47.0673 21.3515 
3 21.0836 47.2093 21.1161 21.0836 47.0673 21.3515 21.2405 47.0673 21.2825 
3 21.0836 47.2093 21.1161 21.2405 47.0673 21.2825 21.3055 47.0673 21.1161 
4 21.3055 47.0673 19.619 21.0836 47.2093 19.619 21.0836 47.2093 21.1161 21.3055 47.0673 21.1161 
3 21.0836 47.2093 19.619 21.3055 47.0673 19.619 21.2405 47.0673 19.4526 
3 21.0836 47.2093 19.619 21.2405 47.0673 19.4526 21.0836 47.0673 19.3837 
4 18.4488 47.0673 19.3837 18.4488 47.2093 19.619 21.0836 47.2093 19.619 21.0836 47.0673 19.3837 
4 18.2269 46.7244 19.3837 18.2919 47.0673 19.4526 18.4488 47.0673 19.3837 18.4488 46.7244 19.2862 
4 18.135 46.7244 19.619 18.2269 47.0673 19.619 18.2919 47.0673 19.4526 18.2269 46.7244 19.3837 
4 18.135 46.7244 21.1161 18.2269 47.0673 21.1161 18.2269 47.0673 19.619 18.135 46.7244 19.619 
4 18.2269 46.7244 21.3515 18.2919 47.0673 21.2825 18.2269 47.0673 21.1161 18.135 46.7244 21.1161 
4 18.4488 46.7244 21.449 18.4488 47.0673 21.3515 18.2919 47.0673 21.2825 18.2269 46.7244 21.3515 
4 21.0836 46.7244 21.449 21.0836 47.0673 21.3515 18.4488 47.0673 21.3515 18.4488 46.7244 21.449 
4 21.3055 46.7244 21.3515 21.2405 47.0673 21.2825 21.0836 47.0673 21.3515 21.0836 46.7244 21.449 
4 21.3974 46.7244 21.1161 21.3055 47.0673 21.1161 21.2405 47.0673 21.2825 21.3055 46.7244 21.3515 
4 21.3974 46.7244 19.619 21.3055 47.0673 19.619 21.3055 47.0673 21.1161 21.3974 46.7244 21.1161 
4 21.3055 46.7244 19.3837 21.2405 47.0673 19.4526 21.3055 47.0673 19.619 21.3974 46.7244 19.619 
4 21.0836 46.7244 19.2862 21.0836 47.0673 19.3837 21.2405 47.0673 19.4526 21.3055 46.7244 19.3837 
4 18.4488 46.7244 19.2862 18.4488 47.0673 19.3837 21.0836 47.0673 19.3837 21.0836 46.7244 19.2862 
4 18.2269 0.5568 19.3837 18.2269 46.7244 19.3837 18.4488 46.7244 19.2862 18.4488 0.5568 19.2862 
4 18.135 0.5568 19.619 18.135 46.7244 19.619 18.2269 46.7244 19.3837 18.2269 0.5568 19.3837 
4 18.135 0.5568 21.1161 18.135 46.7244 21.1161 18.135 46.7244 19.619 18.135 0.5568 19.619 
4 18.2269 0.5568 21.3515 18.2269 46.7244 21.3515 18.135 46.7244 21.1161 18.135 0.5568 21.1161 
4 18.4488 0.5568 21.449 18.4488 46.7244 21.449 18.2269 46.7244 21.3515 18.2269 0.5568 21.3515 
4 21.0836 0.5568 21.449 21.0836 46.7244 21.449 18.4488 46.7244 21.449 18.4488 0.5568 21.449 
4 21.3055 0.5568 21.3515 21.3055 46.7244 21.3515 21.0836 46.7244 21.449 21.0836 0.5568 21.449 
4 21.3974 0.5568 21.1161 21.3974 46.7244 21.1161 21.3055 46.7244 21.3515 21.3055 0.5568 21.3515 
4 21.3974 0.5568 19.619 21.3974 46.7244 19.619 21.3974 46.7244 21.1161 21.3974 0.5568 21.1161 
4 21.3055 0.5568 19.3837 21.3055 46.7244 19.3837 21.3974 46.7244 19.619 21.3974 0.5568 19.619 
4 21.0836 0.5568 19.2862 21.0836 46.7244 19.2862 21.3055 46.7244 19.3837 21.3055 0.5568 19.3837 
4 18.4488 0.5568 19.2862 18.4488 46.7244 19.2862 21.0836 46.7244 19.2862 21.0836 0.5568 19.2862 
4 18.2919 0.214 19.4526 18.2269 0.5568 19.3837 18.4488 0.5568 19.2862 18.4488 0.214 19.3837 
4 18.2269 0.214 19.619 18.135 0.5568 19.619 18.2269 0.5568 19.3837 18.2919 0.214 19.4526 
4 18.2269 0.214 21.1161 18.135 0.5568 21.1161 18.135 0.5568 19.619 18.2269 0.214 19.619 
4 18.2919 0.214 21.2825 18.2269 0.5568 21.3515 18.135 0.5568 21.1161 18.2269 0.214 21.1161 
4 18.4488 0.214 21.3515 18.4488 0.5568 21.449 18.2269 0.5568 21.3515 18.2919 0.214 21.2825 
4 21.0836 0.214 21.3515 21.0836 0.5568 21.449 18.4488 0.5568 21.449 18.4488 0.214 21.3515 
4 21.2405 0.214 21.2825 21.3055 0.5568 21.3515 21.0836 0.5568 21.449 21.0836 0.214 21.3515 
4 21.3055 0.214 21.1161 21.3974 0.5568 21.1161 21.3055 0.5568 21.3515 21.2405 0.214 21.2825 
4 21.3055 0.214 19.619 21.3974 0.5568 19.619 21.3974 0.5568 21.1161 21.3055 0.214 21.1161 
4 21.2405 0.214 19.4526 21.3055 0.5568 19.3837 21.3974 0.5568 19.619 21.3055 0.214 19.619 
4 21.0836 0.214 19.3837 21.0836 0.5568 19.2862 21.3055 0.5568 19.3837 21.2405 0.214 19.4526 
4 18.4488 0.214 19.3837 18.4488 0.5568 19.2862 21.0836 0.5568 19.2862 21.0836 0.214 19.3837 
3 18.4488 0.214 19.3837 18.4488 0.072 19.619 18.2919 0.214 19.4526 
3 18.2919 0.214 19.4526 18.4488 0.072 19.619 18.2269 0.214 19.619 
4 18.4488 0.072 21.1161 18.2269 0.214 21.1161 18.2269 0.214 19.619 18.4488 0.072 19.619 
3 18.2269 0.214 21.1161 18.4488 0.072 21.1161 18.2919 0.214 21.2825 
3 18.2919 0.214 21.2825 18.4488 0.072 21.1161 18.4488 0.214 21.3515 
4 21.0836 0.072 21.1161 21.0836 0.214 21.3515 18.4488 0.214 21.3515 18.4488 0.072 21.1161 
3 21.0836 0.214 21.3515 21.0836 0.072 21.1161 21.2405 0.214 21.2825 
3 21.2405 0.214 21.2825 21.0836 0.072 21.1161 21.3055 0.214 21.1161 
4 21.0836 0.072 19.619 21.3055 0.214 19.619 21.3055 0.214 21.1161 21.0836 0.072 21.1161 
3 21.3055 0.214 19.619 21.0836 0.072 19.619 21.2405 0.214 19.4526 
3 21.2405 0.214 19.4526 21.0836 0.072 19.619 21.0836 0.214 19.3837 
4 18.4488 0.072 19.619 18.4488 0.214 19.3837 21.0836 0.214 19.3837 21.0836 0.072 19.619 
4 18.4488 0.072 21.1161 18.4488 0.072 19.619 21.0836 0.072 19.619 21.0836 0.072 21.1161 
4 21.0772 47.2093 -19.3854 21.0772 47.2093 -20.8753 18.4551 47.2093 -20.8753 18.4551 47.2093 -19.3854 
3 18.4551 47.2093 -20.8753 18.4551 47.0673 -21.1095 18.299 47.0673 -21.0409 
3 18.4551 47.2093 -20.8753 18.299 47.0673 -21.0409 18.2343 47.0673 -20.8753 
4 18.2343 47.0673 -19.3854 18.4551 47.2093 -19.3854 18.4551 47.2093 -20.8753 18.2343 47.0673 -20.8753 
3 18.4551 47.2093 -19.3854 18.2343 47.0673 -19.3854 18.299 47.0673 -19.2197 
3 18.4551 47.2093 -19.3854 18.299 47.0673 -19.2197 18.4551 47.0673 -19.1511 
4 21.0772 47.0673 -19.1511 21.0772 47.2093 -19.3854 18.4551 47.2093 -19.3854 18.4551 47.0673 -19.1511 
3 21.0772 47.2093 -19.3854 21.0772 47.0673 -19.1511 21.2334 47.0673 -19.2197 
3 21.0772 47.2093 -19.3854 21.2334 47.0673 -19.2197 21.298 47.0673 -19.3854 
4 21.298 47.0673 -20.8753 21.0772 47.2093 -20.8753 21.0772 47.2093 -19.3854 21.298 47.0673 -19.3854 
3 21.0772 47.2093 -20.8753 21.298 47.0673 -20.8753 21.2334 47.0673 -21.0409 
3 21.0772 47.2093 -20.8753 21.2334 47.0673 -21.0409 21.0772 47.0673 -21.1095 
4 18.4551 47.0673 -21.1095 18.4551 47.2093 -20.8753 21.0772 47.2093 -20.8753 21.0772 47.0673 -21.1095 
4 18.2343 46.7244 -21.1095 18.299 47.0673 -21.0409 18.4551 47.0673 -21.1095 18.4551 46.7244 -21.2065 
4 18.1429 46.7244 -20.8753 18.2343 47.0673 -20.8753 18.299 47.0673 -21.0409 18.2343 46.7244 -21.1095 
4 18.1429 46.7244 -19.3854 18.2343 47.0673 -19.3854 18.2343 47.0673 -20.8753 18.1429 46.7244 -20.8753 
4 18.2343 46.7244 -19.1511 18.299 47.0673 -19.2197 18.2343 47.0673 -19.3854 18.1429 46.7244 -19.3854 
4 18.4551 46.7244 -19.0541 18.4551 47.0673 -19.1511 18.299 47.0673 -19.2197 18.2343 46.7244 -19.1511 
4 21.0772 46.7244 -19.0541 21.0772 47.0673 -19.1511 18.4551 47.0673 -19.1511 18.4551 46.7244 -19.0541 
4 21.298 46.7244 -19.1511 21.2334 47.0673 -19.2197 21.0772 47.0673 -19.1511 21.0772 46.7244 -19.0541 
4 21.3895 46.7244 -19.3854 21.298 47.0673 -19.3854 21.2334 47.0673 -19.2197 21.298 46.7244 -19.1511 
4 21.3895 46.7244 -20.8753 21.298 47.0673 -20.8753 21.298 47.0673 -19.3854 21.3895 46.7244 -19.3854 
4 21.298 46.7244 -21.1095 21.2334 47.0673 -21.0409 21.298 47.0673 -20.8753 21.3895 46.7244 -20.8753 
4 21.0772 46.7244 -21.2065 21.0772 47.0673 -21.1095 21.2334 47.0673 -21.0409 21.298 46.7244 -21.1095 
4 18.4551 46.7244 -21.2065 18.4551 47.0673 -21.1095 21.0772 47.0673 -21.1095 21.0772 46.7244 -21.2065 
4 18.2343 0.6047 -21.1095 18.2343 46.7244 -21.1095 18.4551 46.7244 -21.2065 18.4551 0.6047 -21.2065 
4 18.1429 0.6047 -20.8753 18.1429 46.7244 -20.8753 18.2343 46.7244 -21.1095 18.2343 0.6047 -21.1095 
4 18.1429 0.6047 -19.3854 18.1429 46.7244 -19.3854 18.1429 46.7244 -20.8753 18.1429 0.6047 -20.8753 
4 18.2343 0.6047 -19.1511 18.2343 46.7244 -19.1511 18.1429 46.7244 -19.3854 18.1429 0.6047 -19.3854 
4 18.4551 0.6047 -19.0541 18.4551 46.7244 -19.0541 18.2343 46.7244 -19.1511 18.2343 0.6047 -19.1511 
4 21.0772 0.6047 -19.0541 21.0772 46.7244 -19.0541 18.4551 46.7244 -19.0541 18.4551 0.6047 -19.0541 
4 21.298 0.6047 -19.1511 21.298 46.7244 -19.1511 21.0772 46.7244 -19.0541 21.0772 0.6047 -19.0541 
4 21.3895 0.6047 -19.3854 21.3895 46.7244 -19.3854 21.298 46.7244 -19.1511 21.298 0.6047 -19.1511 
4 21.3895 0.6047 -20.8753 21.3895 46.7244 -20.8753 21.3895 46.7244 -19.3854 21.3895 0.6047 -19.3854 
4 21.298 0.6047 -21.1095 21.298 46.7244 -21.1095 21.3895 46.7244 -20.8753 21.3895 0.6047 -20.8753 
4 21.0772 0.6047 -21.2065 21.0772 46.7244 -21.2065 21.298 46.7244 -21.1095 21.298 0.6047 -21.1095 
4 18.4551 0.6047 -21.2065 18.4551 46.7244 -21.2065 21.0772 46.7244 -21.2065 21.0772 0.6047 -21.2065 
4 18.299 0.2618 -21.0409 18.2343 0.6047 -21.1095 18.4551 0.6047 -21.2065 18.4551 0.2618 -21.1095 
4 18.2343 0.2618 -20.8753 18.1429 0.6047 -20.8753 18.2343 0.6047 -21.1095 18.299 0.2618 -21.0409 
4 18.2343 0.2618 -19.3854 18.1429 0.6047 -19.3854 18.1429 0.6047 -20.8753 18.2343 0.2618 -20.8753 
4 18.299 0.2618 -19.2197 18.2343 0.6047 -19.1511 18.1429 0.6047 -19.3854 18.2343 0.2618 -19.3854 
4 18.4551 0.2618 -19.1511 18.4551 0.6047 -19.0541 18.2343 0.6047 -19.1511 18.299 0.2618 -19.2197 
4 21.0772 0.2618 -19.1511 21.0772 0.6047 -19.0541 18.4551 0.6047 -19.0541 18.4551 0.2618 -19.1511 
4 21.2334 0.2618 -19.2197 21.298 0.6047 -19.1511 21.0772 0.6047 -19.0541 21.0772 0.2618 -19.1511 
4 21.298 0.2618 -19.3854 21.3895 0.6047 -19.3854 21.298 0.6047 -19.1511 21.2334 0.2618 -19.2197 
4 21.298 0.2618 -20.8753 21.3895 0.6047 -20.8753 21.3895 0.6047 -19.3854 21.298 0.2618 -19.3854 
4 21.2334 0.2618 -21.0409 21.298 0.6047 -21.1095 21.3895 0.6047 -20.8753 21.298 0.2618 -20.8753 
4 21.0772 0.2618 -21.1095 21.0772 0.6047 -21.2065 21.298 0.6047 -21.1095 21.2334 0.2618 -21.0409 
4 18.4551 0.2618 -21.1095 18.4551 0.6047 -21.2065 21.0772 0.6047 -21.2065 21.0772 0.2618 -21.1095 
3 18.4551 0.2618 -21.1095 18.4551 0.1198 -20.8753 18.299 0.2618 -21.0409 
3 18.299 0.2618 -21.0409 18.4551 0.1198 -20.8753 18.2343 0.2618 -20.8753 
4 18.4551 0.1198 -19.3854 18.2343 0.2618 -19.3854 18.2343 0.2618 -20.8753 18.4551 0.1198 -20.8753 
3 18.2343 0.2618 -19.3854 18.4551 0.1198 -19.3854 18.299 0.2618 -19.2197 
3 18.299 0.2618 -19.2197 18.4551 0.1198 -19.3854 18.4551 0.2618 -19.1511 
4 21.0772 0.1198 -19.3854 21.0772 0.2618 -19.1511 18.4551 0.2618 -19.1511 18.4551 0.1198 -19.3854 
3 21.0772 0.2618 -19.1511 21.0772 0.1198 -19.3854 21.2334 0.2618 -19.2197 
3 21.2334 0.2618 -19.2197 21.0772 0.1198 -19.3854 21.298 0.2618 -19.3854 
4 21.0772 0.1198 -20.8753 21.298 0.2618 -20.8753 21.298 0.2618 -19.3854 21.0772 0.1198 -19.3854 
3 21.298 0.2618 -20.8753 21.0772 0.1198 -20.8753 21.2334 0.2618 -21.0409 
3 21.2334 0.2618 -21.0409 21.0772 0.1198 -20.8753 21.0772 0.2618 -21.1095 
4 18.4551 0.1198 -20.8753 18.4551 0.2618 -21.1095 21.0772 0.2618 -21.1095 21.0772 0.1198 -20.8753 
4 18.4551 0.1198 -19.3854 18.4551 0.1198 -20.8753 21.0772 0.1198 -20.8753 21.0772 0.1198 -19.3854 
4 -15.673 47.0337 -16.2392 -15.673 47.1777 -17.7249 -18.2934 47.1777 -17.7249 -18.2934 47.0337 -16.2392 
3 -18.2934 47.1777 -17.7249 -18.2934 47.0587 -17.9649 -18.4495 47.052 -17.8965 
3 -18.2934 47.1777 -17.7249 -18.4495 47.052 -17.8965 -18.5141 47.036 -17.7313 
4 -18.5141 46.892 -16.2456 -18.2934 47.0337 -16.2392 -18.2934 47.1777 -17.7249 -18.5141 47.036 -17.7313 
3 -18.2934 47.0337 -16.2392 -18.5141 46.892 -16.2456 -18.4495 46.876 -16.0805 
3 -18.2934 47.0337 -16.2392 -18.4495 46.876 -16.0805 -18.2934 46.8694 -16.0121 
4 -15.673 46.8694 -16.0121 -15.673 47.0337 -16.2392 -18.2934 47.0337 -16.2392 -18.2934 46.8694 -16.0121 
3 -15.673 47.0337 -16.2392 -15.673 46.8694 -16.0121 -15.5169 46.876 -16.0805 
3 -15.673 47.0337 -16.2392 -15.5169 46.876 -16.0805 -15.4523 46.892 -16.2456 
4 -15.4523 47.036 -17.7313 -15.673 47.1777 -17.7249 -15.673 47.0337 -16.2392 -15.4523 46.892 -16.2456 
3 -15.673 47.1777 -17.7249 -15.4523 47.036 -17.7313 -15.5169 47.052 -17.8965 
3 -15.673 47.1777 -17.7249 -15.5169 47.052 -17.8965 -15.673 47.0587 -17.9649 
4 -18.2934 47.0587 -17.9649 -18.2934 47.1777 -17.7249 -15.673 47.1777 -17.7249 -15.673 47.0587 -17.9649 
4 -18.5141 46.7166 -17.9804 -18.4495 47.052 -17.8965 -18.2934 47.0587 -17.9649 -18.2934 46.7259 -18.0771 
4 -18.6055 46.6939 -17.7468 -18.5141 47.036 -17.7313 -18.4495 47.052 -17.8965 -18.5141 46.7166 -17.9804 
4 -18.6055 46.55 -16.2611 -18.5141 46.892 -16.2456 -18.5141 47.036 -17.7313 -18.6055 46.6939 -17.7468 
4 -18.5141 46.5273 -16.0275 -18.4495 46.876 -16.0805 -18.5141 46.892 -16.2456 -18.6055 46.55 -16.2611 
4 -18.2934 46.5179 -15.9308 -18.2934 46.8694 -16.0121 -18.4495 46.876 -16.0805 -18.5141 46.5273 -16.0275 
4 -15.673 46.5179 -15.9308 -15.673 46.8694 -16.0121 -18.2934 46.8694 -16.0121 -18.2934 46.5179 -15.9308 
4 -15.4523 46.5273 -16.0275 -15.5169 46.876 -16.0805 -15.673 46.8694 -16.0121 -15.673 46.5179 -15.9308 
4 -15.3609 46.55 -16.2611 -15.4523 46.892 -16.2456 -15.5169 46.876 -16.0805 -15.4523 46.5273 -16.0275 
4 -15.3609 46.6939 -17.7468 -15.4523 47.036 -17.7313 -15.4523 46.892 -16.2456 -15.3609 46.55 -16.2611 
4 -15.4523 46.7166 -17.9804 -15.5169 47.052 -17.8965 -15.4523 47.036 -17.7313 -15.3609 46.6939 -17.7468 
4 -15.673 46.7259 -18.0771 -15.673 47.0587 -17.9649 -15.5169 47.052 -17.8965 -15.4523 46.7166 -17.9804 
4 -18.2934 46.7259 -18.0771 -18.2934 47.0587 -17.9649 -15.673 47.0587 -17.9649 -15.673 46.7259 -18.0771 
4 -18.5141 0.6982 -20.0762 -18.5141 46.7166 -17.9804 -18.2934 46.7259 -18.0771 -18.2934 0.7076 -20.173 
4 -18.6055 0.6756 -19.8427 -18.6055 46.6939 -17.7468 -18.5141 46.7166 -17.9804 -18.5141 0.6982 -20.0762 
4 -18.6055 0.5316 -18.3569 -18.6055 46.55 -16.2611 -18.6055 46.6939 -17.7468 -18.6055 0.6756 -19.8427 
4 -18.5141 0.509 -18.1234 -18.5141 46.5273 -16.0275 -18.6055 46.55 -16.2611 -18.6055 0.5316 -18.3569 
4 -18.2934 0.4996 -18.0266 -18.2934 46.5179 -15.9308 -18.5141 46.5273 -16.0275 -18.5141 0.509 -18.1234 
4 -15.673 0.4996 -18.0266 -15.673 46.5179 -15.9308 -18.2934 46.5179 -15.9308 -18.2934 0.4996 -18.0266 
4 -15.4523 0.509 -18.1234 -15.4523 46.5273 -16.0275 -15.673 46.5179 -15.9308 -15.673 0.4996 -18.0266 
4 -15.3609 0.5316 -18.3569 -15.3609 46.55 -16.2611 -15.4523 46.5273 -16.0275 -15.4523 0.509 -18.1234 
4 -15.3609 0.6756 -19.8427 -15.3609 46.6939 -17.7468 -15.3609 46.55 -16.2611 -15.3609 0.5316 -18.3569 
4 -15.4523 0.6982 -20.0762 -15.4523 46.7166 -17.9804 -15.3609 46.6939 -17.7468 -15.3609 0.6756 -19.8427 
4 -15.673 0.7076 -20.173 -15.673 46.7259 -18.0771 -15.4523 46.7166 -17.9804 -15.4523 0.6982 -20.0762 
4 -18.2934 0.7076 -20.173 -18.2934 46.7259 -18.0771 -15.673 46.7259 -18.0771 -15.673 0.7076 -20.173 
4 -18.4495 0.3495 -20.0233 -18.5141 0.6982 -20.0762 -18.2934 0.7076 -20.173 -18.2934 0.3561 -20.0917 
4 -18.5141 0.3335 -19.8581 -18.6055 0.6756 -19.8427 -18.5141 0.6982 -20.0762 -18.4495 0.3495 -20.0233 
4 -18.5141 0.1895 -18.3724 -18.6055 0.5316 -18.3569 -18.6055 0.6756 -19.8427 -18.5141 0.3335 -19.8581 
4 -18.4495 0.1735 -18.2072 -18.5141 0.509 -18.1234 -18.6055 0.5316 -18.3569 -18.5141 0.1895 -18.3724 
4 -18.2934 0.1669 -18.1388 -18.2934 0.4996 -18.0266 -18.5141 0.509 -18.1234 -18.4495 0.1735 -18.2072 
4 -15.673 0.1669 -18.1388 -15.673 0.4996 -18.0266 -18.2934 0.4996 -18.0266 -18.2934 0.1669 -18.1388 
4 -15.5169 0.1735 -18.2072 -15.4523 0.509 -18.1234 -15.673 0.4996 -18.0266 -15.673 0.1669 -18.1388 
4 -15.4523 0.1895 -18.3724 -15.3609 0.5316 -18.3569 -15.4523 0.509 -18.1234 -15.5169 0.1735 -18.2072 
4 -15.4523 0.3335 -19.8581 -15.3609 0.6756 -19.8427 -15.3609 0.5316 -18.3569 -15.4523 0.1895 -18.3724 
4 -15.5169 0.3495 -20.0233 -15.4523 0.6982 -20.0762 -15.3609 0.6756 -19.8427 -15.4523 0.3335 -19.8581 
4 -15.673 0.3561 -20.0917 -15.673 0.7076 -20.173 -15.4523 0.6982 -20.0762 -15.5169 0.3495 -20.0233 
4 -18.2934 0.3561 -20.0917 -18.2934 0.7076 -20.173 -15.673 0.7076 -20.173 -15.673 0.3561 -20.0917 
3 -18.2934 0.3561 -20.0917 -18.2934 0.1918 -19.8645 -18.4495 0.3495 -20.0233 
3 -18.4495 0.3495 -20.0233 -18.2934 0.1918 -19.8645 -18.5141 0.3335 -19.8581 
4 -18.2934 0.0478 -18.3788 -18.5141 0.1895 -18.3724 -18.5141 0.3335 -19.8581 -18.2934 0.1918 -19.8645 
3 -18.5141 0.1895 -18.3724 -18.2934 0.0478 -18.3788 -18.4495 0.1735 -18.2072 
3 -18.4495 0.1735 -18.2072 -18.2934 0.0478 -18.3788 -18.2934 0.1669 -18.1388 
4 -15.673 0.0478 -18.3788 -15.673 0.1669 -18.1388 -18.2934 0.1669 -18.1388 -18.2934 0.0478 -18.3788 
3 -15.673 0.1669 -18.1388 -15.673 0.0478 -18.3788 -15.5169 0.1735 -18.2072 
3 -15.5169 0.1735 -18.2072 -15.673 0.0478 -18.3788 -15.4523 0.1895 -18.3724 
4 -15.673 0.1918 -19.8645 -15.4523 0.3335 -19.8581 -15.4523 0.1895 -18.3724 -15.673 0.0478 -18.3788 
3 -15.4523 0.3335 -19.8581 -15.673 0.1918 -19.8645 -15.5169 0.3495 -20.0233 
3 -15.5169 0.3495 -20.0233 -15.673 0.1918 -19.8645 -15.673 0.3561 -20.0917 
4 -18.2934 0.1918 -19.8645 -18.2934 0.3561 -20.0917 -15.673 0.3561 -20.0917 -15.673 0.1918 -19.8645 
4 -18.2934 0.0478 -18.3788 -18.2934 0.1918 -19.8645 -15.673 0.1918 -19.8645 -15.673 0.0478 -18.3788 
4 -18.3017 47.1777 18.1801 -15.6646 47.1777 18.1801 -15.6646 47.0337 16.6849 -18.3017 47.0337 16.6849 
3 -18.3017 47.1777 18.1801 -18.4588 47.052 18.3527 -18.3017 47.0586 18.4216 
3 -18.3017 47.1777 18.1801 -18.5238 47.036 18.1865 -18.4588 47.052 18.3527 
4 -18.3017 47.1777 18.1801 -18.3017 47.0337 16.6849 -18.5238 46.892 16.6913 -18.5238 47.036 18.1865 
3 -18.3017 47.0337 16.6849 -18.4588 46.876 16.5251 -18.5238 46.892 16.6913 
3 -18.3017 47.0337 16.6849 -18.3017 46.8694 16.4563 -18.4588 46.876 16.5251 
4 -18.3017 47.0337 16.6849 -15.6646 47.0337 16.6849 -15.6646 46.8694 16.4563 -18.3017 46.8694 16.4563 
3 -15.6646 47.0337 16.6849 -15.5076 46.876 16.5251 -15.6646 46.8694 16.4563 
3 -15.6646 47.0337 16.6849 -15.4425 46.892 16.6913 -15.5076 46.876 16.5251 
4 -15.6646 47.0337 16.6849 -15.6646 47.1777 18.1801 -15.4425 47.036 18.1865 -15.4425 46.892 16.6913 
3 -15.6646 47.1777 18.1801 -15.5076 47.052 18.3527 -15.4425 47.036 18.1865 
3 -15.6646 47.1777 18.1801 -15.6646 47.0586 18.4216 -15.5076 47.052 18.3527 
4 -15.6646 47.1777 18.1801 -18.3017 47.1777 18.1801 -18.3017 47.0586 18.4216 -15.6646 47.0586 18.4216 
4 -18.3017 47.0586 18.4216 -18.4588 47.052 18.3527 -18.5238 46.7166 18.4371 -18.3017 46.7259 18.5345 
4 -18.4588 47.052 18.3527 -18.5238 47.036 18.1865 -18.6158 46.6939 18.2021 -18.5238 46.7166 18.4371 
4 -18.5238 47.036 18.1865 -18.5238 46.892 16.6913 -18.6158 46.55 16.7069 -18.6158 46.6939 18.2021 
4 -18.5238 46.892 16.6913 -18.4588 46.876 16.5251 -18.5238 46.5273 16.4718 -18.6158 46.55 16.7069 
4 -18.4588 46.876 16.5251 -18.3017 46.8694 16.4563 -18.3017 46.5179 16.3745 -18.5238 46.5273 16.4718 
4 -18.3017 46.8694 16.4563 -15.6646 46.8694 16.4563 -15.6646 46.5179 16.3745 -18.3017 46.5179 16.3745 
4 -15.6646 46.8694 16.4563 -15.5076 46.876 16.5251 -15.4425 46.5273 16.4718 -15.6646 46.5179 16.3745 
4 -15.5076 46.876 16.5251 -15.4425 46.892 16.6913 -15.3506 46.55 16.7069 -15.4425 46.5273 16.4718 
4 -15.4425 46.892 16.6913 -15.4425 47.036 18.1865 -15.3506 46.6939 18.2021 -15.3506 46.55 16.7069 
4 -15.4425 47.036 18.1865 -15.5076 47.052 18.3527 -15.4425 46.7166 18.4371 -15.3506 46.6939 18.2021 
4 -15.5076 47.052 18.3527 -15.6646 47.0586 18.4216 -15.6646 46.7259 18.5345 -15.4425 46.7166 18.4371 
4 -15.6646 47.0586 18.4216 -18.3017 47.0586 18.4216 -18.3017 46.7259 18.5345 -15.6646 46.7259 18.5345 
4 -18.3017 46.7259 18.5345 -18.5238 46.7166 18.4371 -18.5238 0.6504 20.5463 -18.3017 0.6598 20.6437 
4 -18.5238 46.7166 18.4371 -18.6158 46.6939 18.2021 -18.6158 0.6278 20.3113 -18.5238 0.6504 20.5463 
4 -18.6158 46.6939 18.2021 -18.6158 46.55 16.7069 -18.6158 0.4838 18.8161 -18.6158 0.6278 20.3113 
4 -18.6158 46.55 16.7069 -18.5238 46.5273 16.4718 -18.5238 0.4612 18.5811 -18.6158 0.4838 18.8161 
4 -18.5238 46.5273 16.4718 -18.3017 46.5179 16.3745 -18.3017 0.4518 18.4837 -18.5238 0.4612 18.5811 
4 -18.3017 46.5179 16.3745 -15.6646 46.5179 16.3745 -15.6646 0.4518 18.4837 -18.3017 0.4518 18.4837 
4 -15.6646 46.5179 16.3745 -15.4425 46.5273 16.4718 -15.4425 0.4612 18.5811 -15.6646 0.4518 18.4837 
4 -15.4425 46.5273 16.4718 -15.3506 46.55 16.7069 -15.3506 0.4838 18.8161 -15.4425 0.4612 18.5811 
4 -15.3506 46.55 16.7069 -15.3506 46.6939 18.2021 -15.3506 0.6278 20.3113 -15.3506 0.4838 18.8161 
4 -15.3506 46.6939 18.2021 -15.4425 46.7166 18.4371 -15.4425 0.6504 20.5463 -15.3506 0.6278 20.3113 
4 -15.4425 46.7166 18.4371 -15.6646 46.7259 18.5345 -15.6646 0.6598 20.6437 -15.4425 0.6504 20.5463 
4 -15.6646 46.7259 18.5345 -18.3017 46.7259 18.5345 -18.3017 0.6598 20.6437 -15.6646 0.6598 20.6437 
4 -18.3017 0.6598 20.6437 -18.5238 0.6504 20.5463 -18.4588 0.3017 20.493 -18.3017 0.3083 20.5619 
4 -18.5238 0.6504 20.5463 -18.6158 0.6278 20.3113 -18.5238 0.2857 20.3268 -18.4588 0.3017 20.493 
4 -18.6158 0.6278 20.3113 -18.6158 0.4838 18.8161 -18.5238 0.1417 18.8317 -18.5238 0.2857 20.3268 
4 -18.6158 0.4838 18.8161 -18.5238 0.4612 18.5811 -18.4588 0.1257 18.6655 -18.5238 0.1417 18.8317 
4 -18.5238 0.4612 18.5811 -18.3017 0.4518 18.4837 -18.3017 0.1191 18.5966 -18.4588 0.1257 18.6655 
4 -18.3017 0.4518 18.4837 -15.6646 0.4518 18.4837 -15.6646 0.1191 18.5966 -18.3017 0.1191 18.5966 
4 -15.6646 0.4518 18.4837 -15.4425 0.4612 18.5811 -15.5076 0.1257 18.6655 -15.6646 0.1191 18.5966 
4 -15.4425 0.4612 18.5811 -15.3506 0.4838 18.8161 -15.4425 0.1417 18.8317 -15.5076 0.1257 18.6655 
4 -15.3506 0.4838 18.8161 -15.3506 0.6278 20.3113 -15.4425 0.2857 20.3268 -15.4425 0.1417 18.8317 
4 -15.3506 0.6278 20.3113 -15.4425 0.6504 20.5463 -15.5076 0.3017 20.493 -15.4425 0.2857 20.3268 
4 -15.4425 0.6504 20.5463 -15.6646 0.6598 20.6437 -15.6646 0.3083 20.5619 -15.5076 0.3017 20.493 
4 -15.6646 0.6598 20.6437 -18.3017 0.6598 20.6437 -18.3017 0.3083 20.5619 -15.6646 0.3083 20.5619 
3 -18.3017 0.3083 20.5619 -18.4588 0.3017 20.493 -18.3017 0.144 20.3333 
3 -18.4588 0.3017 20.493 -18.5238 0.2857 20.3268 -18.3017 0.144 20.3333 
4 -18.5238 0.2857 20.3268 -18.5238 0.1417 18.8317 -18.3017 0 18.8381 -18.3017 0.144 20.3333 
3 -18.5238 0.1417 18.8317 -18.4588 0.1257 18.6655 -18.3017 0 18.8381 
3 -18.4588 0.1257 18.6655 -18.3017 0.1191 18.5966 -18.3017 0 18.8381 
4 -18.3017 0.1191 18.5966 -15.6646 0.1191 18.5966 -15.6646 0 18.8381 -18.3017 0 18.8381 
3 -15.6646 0.1191 18.5966 -15.5076 0.1257 18.6655 -15.6646 0 18.8381 
3 -15.5076 0.1257 18.6655 -15.4425 0.1417 18.8317 -15.6646 0 18.8381 
4 -15.4425 0.1417 18.8317 -15.4425 0.2857 20.3268 -15.6646 0.144 20.3333 -15.6646 0 18.8381 
3 -15.4425 0.2857 20.3268 -15.5076 0.3017 20.493 -15.6646 0.144 20.3333 
3 -15.5076 0.3017 20.493 -15.6646 0.3083 20.5619 -15.6646 0.144 20.3333 
4 -15.6646 0.3083 20.5619 -18.3017 0.3083 20.5619 -18.3017 0.144 20.3333 -15.6646 0.144 20.3333 
4 -15.6646 0.144 20.3333 -18.3017 0.144 20.3333 -18.3017 0 18.8381 -15.6646 0 18.8381 
4 -19.4313 98 -13.4701 -20.4204 98 -9.6215 -19.0322 98 -10.0309 -18.0981 98 -14.0433 
4 -18.0981 98 -14.0433 -19.0322 98 -10.0309 -16.7173 98 -10.4824 -15.8701 98 -14.6754 
4 -12.8186 48.9016 -18.4007 -13.0846 48.9016 -13.1434 -7.1145 48.9016 -13.489 -7.1053 48.9016 -18.8845 
4 -7.1053 48.9016 -18.8845 -7.1145 48.9016 -13.489 -2.9653 48.9016 -13.8345 -2.9653 48.9016 -19.3683 
4 -2.9653 48.9016 -19.3683 -2.9653 48.9016 -13.8345 1.1747 48.9016 -14.1801 1.1747 48.9016 -19.8521 
4 1.1747 48.9016 -19.8521 1.1747 48.9016 -14.1801 5.3147 48.9016 -14.5257 5.3147 48.9016 -20.3359 
4 5.3147 48.9016 -20.3359 5.3147 48.9016 -14.5257 9.4547 48.9016 -14.8712 9.4547 48.9016 -20.8197 
4 9.4547 48.9016 -20.8197 9.4547 48.9016 -14.8712 13.5947 48.9016 -15.2168 13.5947 48.9016 -21.3035 
4 13.5947 48.9016 -21.3035 13.5947 48.9016 -15.2168 17.7347 48.9016 -15.5624 17.7347 48.9016 -21.7873 
4 17.7347 48.9016 -21.7873 17.7347 48.9016 -15.5624 21.8747 48.9016 -15.9079 21.8747 48.9016 -22.2711 
4 -20.4204 98 -9.6215 -21.6168 98 -5.7729 -20.2971 98 -6.0185 -19.0322 98 -10.0309 
4 -19.0322 98 -10.0309 -20.2971 98 -6.0185 -18.0533 98 -6.2895 -16.7173 98 -10.4824 
4 -13.0846 48.9016 -13.1434 -14.701 48.9016 -7.886 -8.044 48.9016 -8.0934 -7.1145 48.9016 -13.489 
4 -7.1145 48.9016 -13.489 -8.044 48.9016 -8.0934 -3.0218 48.9016 -8.3007 -2.9653 48.9016 -13.8345 
4 -2.9653 48.9016 -13.8345 -3.0218 48.9016 -8.3007 1.1747 48.9016 -8.5081 1.1747 48.9016 -14.1801 
4 1.1747 48.9016 -14.1801 1.1747 48.9016 -8.5081 5.3147 48.9016 -8.7154 5.3147 48.9016 -14.5257 
4 5.3147 48.9016 -14.5257 5.3147 48.9016 -8.7154 9.4547 48.9016 -8.9227 9.4547 48.9016 -14.8712 
4 9.4547 48.9016 -14.8712 9.4547 48.9016 -8.9227 13.5947 48.9016 -9.1301 13.5947 48.9016 -15.2168 
4 13.5947 48.9016 -15.2168 13.5947 48.9016 -9.1301 17.7347 48.9016 -9.3374 17.7347 48.9016 -15.5624 
4 17.7347 48.9016 -15.5624 17.7347 48.9016 -9.3374 21.8747 48.9016 -9.5447 21.8747 48.9016 -15.9079 
4 -21.6168 98 -5.7729 -21.8747 98 -1.9243 -20.595 98 -2.0062 -20.2971 98 -6.0185 
4 -20.2971 98 -6.0185 -20.595 98 -2.0062 -18.397 98 -2.0965 -18.0533 98 -6.2895 
4 -14.701 48.9016 -7.886 -15.3485 48.9016 -2.6287 -8.7524 48.9016 -2.6978 -8.044 48.9016 -8.0934 
4 -8.044 48.9016 -8.0934 -8.7524 48.9016 -2.6978 -3.2699 48.9016 -2.7669 -3.0218 48.9016 -8.3007 
4 -3.0218 48.9016 -8.3007 -3.2699 48.9016 -2.7669 1.1747 48.9016 -2.836 1.1747 48.9016 -8.5081 
4 1.1747 48.9016 -8.5081 1.1747 48.9016 -2.836 5.3147 48.9016 -2.9051 5.3147 48.9016 -8.7154 
4 5.3147 48.9016 -8.7154 5.3147 48.9016 -2.9051 9.4547 48.9016 -2.9742 9.4547 48.9016 -8.9227 
4 9.4547 48.9016 -8.9227 9.4547 48.9016 -2.9742 13.5947 48.9016 -3.0434 13.5947 48.9016 -9.1301 
4 13.5947 48.9016 -9.1301 13.5947 48.9016 -3.0434 17.7347 48.9016 -3.1125 17.7347 48.9016 -9.3374 
4 17.7347 48.9016 -9.3374 17.7347 48.9016 -3.1125 21.8747 48.9016 -3.1816 21.8747 48.9016 -9.5447 
4 -21.8747 98 -1.9243 -21.8747 98 1.9243 -20.595 98 2.0062 -20.595 98 -2.0062 
4 -20.595 98 -2.0062 -20.595 98 2.0062 -18.397 98 2.0965 -18.397 98 -2.0965 
4 -15.3485 48.9016 -2.6287 -15.3485 48.9016 2.6287 -8.7524 48.9016 2.6978 -8.7524 48.9016 -2.6978 
4 -8.7524 48.9016 -2.6978 -8.7524 48.9016 2.6978 -3.2699 48.9016 2.7669 -3.2699 48.9016 -2.7669 
4 -3.2699 48.9016 -2.7669 -3.2699 48.9016 2.7669 1.1747 48.9016 2.836 1.1747 48.9016 -2.836 
4 1.1747 48.9016 -2.836 1.1747 48.9016 2.836 5.3147 48.9016 2.9051 5.3147 48.9016 -2.9051 
4 5.3147 48.9016 -2.9051 5.3147 48.9016 2.9051 9.4547 48.9016 2.9742 9.4547 48.9016 -2.9742 
4 9.4547 48.9016 -2.9742 9.4547 48.9016 2.9742 13.5947 48.9016 3.0434 13.5947 48.9016 -3.0434 
4 13.5947 48.9016 -3.0434 13.5947 48.9016 3.0434 17.7347 48.9016 3.1125 17.7347 48.9016 -3.1125 
4 17.7347 48.9016 -3.1125 17.7347 48.9016 3.1125 21.8747 48.9016 3.1816 21.8747 48.9016 -3.1816 
4 -21.8747 98 1.9243 -21.6168 98 5.7729 -20.2971 98 6.0185 -20.595 98 2.0062 
4 -20.595 98 2.0062 -20.2971 98 6.0185 -18.0533 98 6.2894 -18.397 98 2.0965 
4 -15.3485 48.9016 2.6287 -14.701 48.9016 7.886 -8.044 48.9016 8.0934 -8.7524 48.9016 2.6978 
4 -8.7524 48.9016 2.6978 -8.044 48.9016 8.0934 -3.0218 48.9016 8.3007 -3.2699 48.9016 2.7669 
4 -3.2699 48.9016 2.7669 -3.0218 48.9016 8.3007 1.1747 48.9016 8.5081 1.1747 48.9016 2.836 
4 1.1747 48.9016 2.836 1.1747 48.9016 8.5081 5.3147 48.9016 8.7154 5.3147 48.9016 2.9051 
4 5.3147 48.9016 2.9051 5.3147 48.9016 8.7154 9.4547 48.9016 8.9227 9.4547 48.9016 2.9742 
4 9.4547 48.9016 2.9742 9.4547 48.9016 8.9227 13.5947 48.9016 9.1301 13.5947 48.9016 3.0434 
4 13.5947 48.9016 3.0434 13.5947 48.9016 9.1301 17.7347 48.9016 9.3374 17.7347 48.9016 3.1125 
4 17.7347 48.9016 3.1125 17.7347 48.9016 9.3374 21.8747 48.9016 9.5447 21.8747 48.9016 3.1816 
4 -21.6168 98 5.7729 -20.4204 98 9.6215 -19.0322 98 10.0309 -20.2971 98 6.0185 
4 -20.2971 98 6.0185 -19.0322 98 10.0309 -16.7173 98 10.4824 -18.0533 98 6.2894 
4 -14.701 48.9016 7.886 -13.0846 48.9016 13.1434 -7.1145 48.9016 13.489 -8.044 48.9016 8.0934 
4 -8.044 48.9016 8.0934 -7.1145 48.9016 13.489 -2.9653 48.9016 13.8345 -3.0218 48.9016 8.3007 
4 -3.0218 48.9016 8.3007 -2.9653 48.9016 13.8345 1.1747 48.9016 14.1801 1.1747 48.9016 8.5081 
4 1.1747 48.9016 8.5081 1.1747 48.9016 14.1801 5.3147 48.9016 14.5257 5.3147 48.9016 8.7154 
4 5.3147 48.9016 8.7154 5.3147 48.9016 14.5257 9.4547 48.9016 14.8712 9.4547 48.9016 8.9227 
4 9.4547 48.9016 8.9227 9.4547 48.9016 14.8712 13.5947 48.9016 15.2168 13.5947 48.9016 9.1301 
4 13.5947 48.9016 9.1301 13.5947 48.9016 15.2168 17.7347 48.9016 15.5623 17.7347 48.9016 9.3374 
4 17.7347 48.9016 9.3374 17.7347 48.9016 15.5623 21.8747 48.9016 15.9079 21.8747 48.9016 9.5447 
4 -20.4204 98 9.6215 -19.4313 98 13.4701 -18.0981 98 14.0433 -19.0322 98 10.0309 
4 -19.0322 98 10.0309 -18.0981 98 14.0433 -15.8701 98 14.6754 -16.7173 98 10.4824 
4 -13.0846 48.9016 13.1434 -12.8186 48.9016 18.4007 -7.1053 48.9016 18.8845 -7.1145 48.9016 13.489 
4 -7.1145 48.9016 13.489 -7.1053 48.9016 18.8845 -2.9653 48.9016 19.3683 -2.9653 48.9016 13.8345 
4 -2.9653 48.9016 13.8345 -2.9653 48.9016 19.3683 1.1747 48.9016 19.8521 1.1747 48.9016 14.1801 
4 1.1747 48.9016 14.1801 1.1747 48.9016 19.8521 5.3147 48.9016 20.3359 5.3147 48.9016 14.5257 
4 5.3147 48.9016 14.5257 5.3147 48.9016 20.3359 9.4547 48.9016 20.8197 9.4547 48.9016 14.8712 
4 9.4547 48.9016 14.8712 9.4547 48.9016 20.8197 13.5947 48.9016 21.3035 13.5947 48.9016 15.2168 
4 13.5947 48.9016 15.2168 13.5947 48.9016 21.3035 17.7347 48.9016 21.7873 17.7347 48.9016 15.5623 
4 17.7347 48.9016 15.5623 17.7347 48.9016 21.7873 21.8747 48.9016 22.2711 21.8747 48.9016 15.9079 
3 -19.4313 98 -13.4701 -19.3745 97.7635 -14.0068 -19.7932 97.7635 -13.8502 
3 -19.4313 98 -13.4701 -19.7932 97.7635 -13.8502 -20.1159 97.7635 -13.5989 
3 -19.4313 98 -13.4701 -20.1159 97.7635 -13.5989 -20.261 97.7635 -13.3203 
4 -19.4313 98 -13.4701 -20.261 97.7635 -13.3203 -21.2616 97.7635 -9.5145 -20.4204 98 -9.6215 
4 -20.4204 98 -9.6215 -21.2616 97.7635 -9.5145 -22.4396 97.7635 -5.7087 -21.6168 98 -5.7729 
4 -21.6168 98 -5.7729 -22.4396 97.7635 -5.7087 -22.6874 97.7635 -1.9029 -21.8747 98 -1.9243 
4 -21.8747 98 -1.9243 -22.6874 97.7635 -1.9029 -22.6874 97.7635 1.9029 -21.8747 98 1.9243 
4 -21.8747 98 1.9243 -22.6874 97.7635 1.9029 -22.4396 97.7635 5.7087 -21.6168 98 5.7729 
4 -21.6168 98 5.7729 -22.4396 97.7635 5.7087 -21.2616 97.7635 9.5145 -20.4204 98 9.6215 
4 -20.4204 98 9.6215 -21.2616 97.7635 9.5145 -20.261 97.7635 13.3202 -19.4313 98 13.4701 
3 -19.4313 98 13.4701 -20.261 97.7635 13.3202 -20.1159 97.7635 13.5989 
3 -19.4313 98 13.4701 -20.1159 97.7635 13.5989 -19.7932 97.7635 13.8502 
3 -19.4313 98 13.4701 -19.7932 97.7635 13.8502 -19.3745 97.7635 14.0068 
4 -19.4313 98 13.4701 -19.3745 97.7635 14.0068 -18.0676 97.7635 14.6007 -18.0981 98 14.0433 
4 -18.0981 98 14.0433 -18.0676 97.7635 14.6007 -15.9851 97.7635 15.2302 -15.8701 98 14.6754 
4 -12.8186 48.9016 18.4007 -12.8951 48.6652 19.1136 -7.1053 48.6652 19.6233 -7.1053 48.9016 18.8845 
4 -7.1053 48.9016 18.8845 -7.1053 48.6652 19.6233 -2.9653 48.6652 20.1237 -2.9653 48.9016 19.3683 
4 -2.9653 48.9016 19.3683 -2.9653 48.6652 20.1237 1.1747 48.6652 20.6242 1.1747 48.9016 19.8521 
4 1.1747 48.9016 19.8521 1.1747 48.6652 20.6242 5.3147 48.6652 21.1247 5.3147 48.9016 20.3359 
4 5.3147 48.9016 20.3359 5.3147 48.6652 21.1247 9.4547 48.6652 21.6251 9.4547 48.9016 20.8197 
4 9.4547 48.9016 20.8197 9.4547 48.6652 21.6251 13.5947 48.6652 22.1256 13.5947 48.9016 21.3035 
4 13.5947 48.9016 21.3035 13.5947 48.6652 22.1256 17.7347 48.6652 22.6261 17.7347 48.9016 21.7873 
4 17.7347 48.9016 21.7873 17.7347 48.6652 22.6261 21.8747 48.6652 23.1265 21.8747 48.9016 22.2711 
3 21.8747 48.9016 22.2711 21.8747 48.6652 23.1265 22.281 48.6652 23.0609 
3 21.8747 48.9016 22.2711 22.281 48.6652 23.0609 22.5785 48.6652 22.7827 
3 21.8747 48.9016 22.2711 22.5785 48.6652 22.7827 22.6874 48.6652 22.3664 
4 21.8747 48.9016 22.2711 22.6874 48.6652 22.3664 22.6874 48.6652 15.976 21.8747 48.9016 15.9079 
4 21.8747 48.9016 15.9079 22.6874 48.6652 15.976 22.6874 48.6652 9.5856 21.8747 48.9016 9.5447 
4 21.8747 48.9016 9.5447 22.6874 48.6652 9.5856 22.6874 48.6652 3.1952 21.8747 48.9016 3.1816 
4 21.8747 48.9016 3.1816 22.6874 48.6652 3.1952 22.6874 48.6652 -3.1952 21.8747 48.9016 -3.1816 
4 21.8747 48.9016 -3.1816 22.6874 48.6652 -3.1952 22.6874 48.6652 -9.5856 21.8747 48.9016 -9.5447 
4 21.8747 48.9016 -9.5447 22.6874 48.6652 -9.5856 22.6874 48.6652 -15.976 21.8747 48.9016 -15.9079 
4 21.8747 48.9016 -15.9079 22.6874 48.6652 -15.976 22.6874 48.6652 -22.3664 21.8747 48.9016 -22.2711 
3 21.8747 48.9016 -22.2711 22.6874 48.6652 -22.3664 22.5785 48.6652 -22.7827 
3 21.8747 48.9016 -22.2711 22.5785 48.6652 -22.7827 22.281 48.6652 -23.0609 
3 21.8747 48.9016 -22.2711 22.281 48.6652 -23.0609 21.8747 48.6652 -23.1265 
4 21.8747 48.9016 -22.2711 21.8747 48.6652 -23.1265 17.7347 48.6652 -22.6261 17.7347 48.9016 -21.7873 
4 17.7347 48.9016 -21.7873 17.7347 48.6652 -22.6261 13.5947 48.6652 -22.1256 13.5947 48.9016 -21.3035 
4 13.5947 48.9016 -21.3035 13.5947 48.6652 -22.1256 9.4547 48.6652 -21.6251 9.4547 48.9016 -20.8197 
4 9.4547 48.9016 -20.8197 9.4547 48.6652 -21.6251 5.3147 48.6652 -21.1247 5.3147 48.9016 -20.3359 
4 5.3147 48.9016 -20.3359 5.3147 48.6652 -21.1247 1.1747 48.6652 -20.6242 1.1747 48.9016 -19.8521 
4 1.1747 48.9016 -19.8521 1.1747 48.6652 -20.6242 -2.9653 48.6652 -20.1237 -2.9653 48.9016 -19.3683 
4 -2.9653 48.9016 -19.3683 -2.9653 48.6652 -20.1237 -7.1053 48.6652 -19.6233 -7.1053 48.9016 -18.8845 
4 -7.1053 48.9016 -18.8845 -7.1053 48.6652 -19.6233 -12.8951 48.6652 -19.1136 -12.8186 48.9016 -18.4007 
4 -15.8701 98 -14.6754 -15.9851 97.7635 -15.2302 -18.0676 97.7635 -14.6007 -18.0981 98 -14.0433 
4 -18.0981 98 -14.0433 -18.0676 97.7635 -14.6007 -19.3745 97.7635 -14.0068 -19.4313 98 -13.4701 
4 -19.3745 97.7635 -14.0068 -19.349 97.1176 -14.4412 -20.0642 97.1176 -14.1668 -19.7932 97.7635 -13.8502 
4 -19.7932 97.7635 -13.8502 -20.0642 97.1176 -14.1668 -20.6153 97.1176 -13.7309 -20.1159 97.7635 -13.5989 
4 -20.1159 97.7635 -13.5989 -20.6153 97.1176 -13.7309 -20.8646 97.1176 -13.2502 -20.261 97.7635 -13.3203 
4 -20.261 97.7635 -13.3203 -20.8646 97.1176 -13.2502 -21.8699 97.1176 -9.4644 -21.2616 97.7635 -9.5145 
4 -21.2616 97.7635 -9.5145 -21.8699 97.1176 -9.4644 -23.0392 97.1176 -5.6787 -22.4396 97.7635 -5.7087 
4 -22.4396 97.7635 -5.7087 -23.0392 97.1176 -5.6787 -23.2823 97.1176 -1.8929 -22.6874 97.7635 -1.9029 
4 -22.6874 97.7635 -1.9029 -23.2823 97.1176 -1.8929 -23.2823 97.1176 1.8929 -22.6874 97.7635 1.9029 
4 -22.6874 97.7635 1.9029 -23.2823 97.1176 1.8929 -23.0392 97.1176 5.6787 -22.4396 97.7635 5.7087 
4 -22.4396 97.7635 5.7087 -23.0392 97.1176 5.6787 -21.8699 97.1176 9.4644 -21.2616 97.7635 9.5145 
4 -21.2616 97.7635 9.5145 -21.8699 97.1176 9.4644 -20.8647 97.1176 13.2502 -20.261 97.7635 13.3202 
4 -20.261 97.7635 13.3202 -20.8647 97.1176 13.2502 -20.6153 97.1176 13.7309 -20.1159 97.7635 13.5989 
4 -20.1159 97.7635 13.5989 -20.6153 97.1176 13.7309 -20.0642 97.1176 14.1668 -19.7932 97.7635 13.8502 
4 -19.7932 97.7635 13.8502 -20.0642 97.1176 14.1668 -19.349 97.1176 14.4412 -19.3745 97.7635 14.0068 
4 -19.3745 97.7635 14.0068 -19.349 97.1176 14.4412 -18.0651 97.1176 15.0476 -18.0676 97.7635 14.6007 
4 -18.0676 97.7635 14.6007 -18.0651 97.1176 15.0476 -16.163 97.1176 15.6512 -15.9851 97.7635 15.2302 
4 -12.8951 48.6652 19.1136 -13.0804 48.0192 19.6526 -7.1053 48.0192 20.1934 -7.1053 48.6652 19.6233 
4 -7.1053 48.6652 19.6233 -7.1053 48.0192 20.1934 -2.9653 48.0192 20.7021 -2.9653 48.6652 20.1237 
4 -2.9653 48.6652 20.1237 -2.9653 48.0192 20.7021 1.1747 48.0192 21.2108 1.1747 48.6652 20.6242 
4 1.1747 48.6652 20.6242 1.1747 48.0192 21.2108 5.3147 48.0192 21.7195 5.3147 48.6652 21.1247 
4 5.3147 48.6652 21.1247 5.3147 48.0192 21.7195 9.4547 48.0192 22.2282 9.4547 48.6652 21.6251 
4 9.4547 48.6652 21.6251 9.4547 48.0192 22.2282 13.5947 48.0192 22.7369 13.5947 48.6652 22.1256 
4 13.5947 48.6652 22.1256 13.5947 48.0192 22.7369 17.7347 48.0192 23.2456 17.7347 48.6652 22.6261 
4 17.7347 48.6652 22.6261 17.7347 48.0192 23.2456 21.8747 48.0192 23.7543 21.8747 48.6652 23.1265 
4 21.8747 48.6652 23.1265 21.8747 48.0192 23.7543 22.5785 48.0192 23.6417 22.281 48.6652 23.0609 
4 22.281 48.6652 23.0609 22.5785 48.0192 23.6417 23.0937 48.0192 23.1591 22.5785 48.6652 22.7827 
4 22.5785 48.6652 22.7827 23.0937 48.0192 23.1591 23.2822 48.0192 22.4359 22.6874 48.6652 22.3664 
4 22.6874 48.6652 22.3664 23.2822 48.0192 22.4359 23.2822 48.0192 16.0257 22.6874 48.6652 15.976 
4 22.6874 48.6652 15.976 23.2822 48.0192 16.0257 23.2822 48.0192 9.6154 22.6874 48.6652 9.5856 
4 22.6874 48.6652 9.5856 23.2822 48.0192 9.6154 23.2823 48.0192 3.2051 22.6874 48.6652 3.1952 
4 22.6874 48.6652 3.1952 23.2823 48.0192 3.2051 23.2822 48.0192 -3.2051 22.6874 48.6652 -3.1952 
4 22.6874 48.6652 -3.1952 23.2822 48.0192 -3.2051 23.2822 48.0192 -9.6154 22.6874 48.6652 -9.5856 
4 22.6874 48.6652 -9.5856 23.2822 48.0192 -9.6154 23.2822 48.0192 -16.0257 22.6874 48.6652 -15.976 
4 22.6874 48.6652 -15.976 23.2822 48.0192 -16.0257 23.2822 48.0192 -22.4359 22.6874 48.6652 -22.3664 
4 22.6874 48.6652 -22.3664 23.2822 48.0192 -22.4359 23.0937 48.0192 -23.1591 22.5785 48.6652 -22.7827 
4 22.5785 48.6652 -22.7827 23.0937 48.0192 -23.1591 22.5785 48.0192 -23.6417 22.281 48.6652 -23.0609 
4 22.281 48.6652 -23.0609 22.5785 48.0192 -23.6417 21.8747 48.0192 -23.7543 21.8747 48.6652 -23.1265 
4 21.8747 48.6652 -23.1265 21.8747 48.0192 -23.7543 17.7347 48.0192 -23.2456 17.7347 48.6652 -22.6261 
4 17.7347 48.6652 -22.6261 17.7347 48.0192 -23.2456 13.5947 48.0192 -22.7369 13.5947 48.6652 -22.1256 
4 13.5947 48.6652 -22.1256 13.5947 48.0192 -22.7369 9.4547 48.0192 -22.2282 9.4547 48.6652 -21.6251 
4 9.4547 48.6652 -21.6251 9.4547 48.0192 -22.2282 5.3147 48.0192 -21.7195 5.3147 48.6652 -21.1247 
4 5.3147 48.6652 -21.1247 5.3147 48.0192 -21.7195 1.1747 48.0192 -21.2108 1.1747 48.6652 -20.6242 
4 1.1747 48.6652 -20.6242 1.1747 48.0192 -21.2108 -2.9653 48.0192 -20.7021 -2.9653 48.6652 -20.1237 
4 -2.9653 48.6652 -20.1237 -2.9653 48.0192 -20.7021 -7.1053 48.0192 -20.1934 -7.1053 48.6652 -19.6233 
4 -7.1053 48.6652 -19.6233 -7.1053 48.0192 -20.1934 -13.0804 48.0192 -19.6526 -12.8951 48.6652 -19.1136 
4 -15.9851 97.7635 -15.2302 -16.163 97.1176 -15.6512 -18.0651 97.1176 -15.0476 -18.0676 97.7635 -14.6007 
4 -18.0676 97.7635 -14.6007 -18.0651 97.1176 -15.0476 -19.349 97.1176 -14.4412 -19.3745 97.7635 -14.0068 
4 -19.349 97.1176 -14.4412 -19.3448 96.2352 -14.6568 -20.1639 96.2352 -14.3391 -20.0642 97.1176 -14.1668 
4 -20.0642 97.1176 -14.1668 -20.1639 96.2352 -14.3391 -20.794 96.2352 -13.8348 -20.6153 97.1176 -13.7309 
4 -20.6153 97.1176 -13.7309 -20.794 96.2352 -13.8348 -21.0788 96.2352 -13.2788 -20.8646 97.1176 -13.2502 
4 -20.8646 97.1176 -13.2502 -21.0788 96.2352 -13.2788 -22.0822 96.2352 -9.4849 -21.8699 97.1176 -9.4644 
4 -21.8699 97.1176 -9.4644 -22.0822 96.2352 -9.4849 -23.255 96.2352 -5.6909 -23.0392 97.1176 -5.6787 
4 -23.0392 97.1176 -5.6787 -23.255 96.2352 -5.6909 -23.5 96.2352 -1.897 -23.2823 97.1176 -1.8929 
4 -23.2823 97.1176 -1.8929 -23.5 96.2352 -1.897 -23.5 96.2352 1.897 -23.2823 97.1176 1.8929 
4 -23.2823 97.1176 1.8929 -23.5 96.2352 1.897 -23.255 96.2352 5.6909 -23.0392 97.1176 5.6787 
4 -23.0392 97.1176 5.6787 -23.255 96.2352 5.6909 -22.0822 96.2352 9.4849 -21.8699 97.1176 9.4644 
4 -21.8699 97.1176 9.4644 -22.0822 96.2352 9.4849 -21.0788 96.2352 13.2788 -20.8647 97.1176 13.2502 
4 -20.8647 97.1176 13.2502 -21.0788 96.2352 13.2788 -20.794 96.2352 13.8348 -20.6153 97.1176 13.7309 
4 -20.6153 97.1176 13.7309 -20.794 96.2352 13.8348 -20.1639 96.2352 14.3391 -20.0642 97.1176 14.1668 
4 -20.0642 97.1176 14.1668 -20.1639 96.2352 14.3391 -19.3448 96.2352 14.6568 -19.349 97.1176 14.4412 
4 -19.349 97.1176 14.4412 -19.3448 96.2352 14.6568 -18.0651 96.2352 15.2641 -18.0651 97.1176 15.0476 
4 -18.0651 97.1176 15.0476 -18.0651 96.2352 15.2641 -16.3706 96.2352 15.8229 -16.163 97.1176 15.6512 
4 -13.0804 48.0192 19.6526 -13.3509 47.1368 19.8709 -7.1053 47.1368 20.4423 -7.1053 48.0192 20.1934 
4 -7.1053 48.0192 20.1934 -7.1053 47.1368 20.4423 -2.9653 47.1368 20.9486 -2.9653 48.0192 20.7021 
4 -2.9653 48.0192 20.7021 -2.9653 47.1368 20.9486 1.1747 47.1368 21.4549 1.1747 48.0192 21.2108 
4 1.1747 48.0192 21.2108 1.1747 47.1368 21.4549 5.3147 47.1368 21.9611 5.3147 48.0192 21.7195 
4 5.3147 48.0192 21.7195 5.3147 47.1368 21.9611 9.4547 47.1368 22.4674 9.4547 48.0192 22.2282 
4 9.4547 48.0192 22.2282 9.4547 47.1368 22.4674 13.5947 47.1368 22.9737 13.5947 48.0192 22.7369 
4 13.5947 48.0192 22.7369 13.5947 47.1368 22.9737 17.7347 47.1368 23.48 17.7347 48.0192 23.2456 
4 17.7347 48.0192 23.2456 17.7347 47.1368 23.48 21.8747 47.1368 23.9862 21.8747 48.0192 23.7543 
4 21.8747 48.0192 23.7543 21.8747 47.1368 23.9862 22.6874 47.1368 23.8556 22.5785 48.0192 23.6417 
4 22.5785 48.0192 23.6417 22.6874 47.1368 23.8556 23.2822 47.1368 23.2973 23.0937 48.0192 23.1591 
4 23.0937 48.0192 23.1591 23.2822 47.1368 23.2973 23.5 47.1368 22.461 23.2822 48.0192 22.4359 
4 23.2822 48.0192 22.4359 23.5 47.1368 22.461 23.5 47.1368 16.0436 23.2822 48.0192 16.0257 
4 23.2822 48.0192 16.0257 23.5 47.1368 16.0436 23.5 47.1368 9.6261 23.2822 48.0192 9.6154 
4 23.2822 48.0192 9.6154 23.5 47.1368 9.6261 23.5 47.1368 3.2087 23.2823 48.0192 3.2051 
4 23.2823 48.0192 3.2051 23.5 47.1368 3.2087 23.5 47.1368 -3.2087 23.2822 48.0192 -3.2051 
4 23.2822 48.0192 -3.2051 23.5 47.1368 -3.2087 23.5 47.1368 -9.6261 23.2822 48.0192 -9.6154 
4 23.2822 48.0192 -9.6154 23.5 47.1368 -9.6261 23.5 47.1368 -16.0436 23.2822 48.0192 -16.0257 
4 23.2822 48.0192 -16.0257 23.5 47.1368 -16.0436 23.5 47.1368 -22.461 23.2822 48.0192 -22.4359 
4 23.2822 48.0192 -22.4359 23.5 47.1368 -22.461 23.2822 47.1368 -23.2973 23.0937 48.0192 -23.1591 
4 23.0937 48.0192 -23.1591 23.2822 47.1368 -23.2973 22.6874 47.1368 -23.8556 22.5785 48.0192 -23.6417 
4 22.5785 48.0192 -23.6417 22.6874 47.1368 -23.8556 21.8747 47.1368 -23.9862 21.8747 48.0192 -23.7543 
4 21.8747 48.0192 -23.7543 21.8747 47.1368 -23.9862 17.7347 47.1368 -23.48 17.7347 48.0192 -23.2456 
4 17.7347 48.0192 -23.2456 17.7347 47.1368 -23.48 13.5947 47.1368 -22.9737 13.5947 48.0192 -22.7369 
4 13.5947 48.0192 -22.7369 13.5947 47.1368 -22.9737 9.4547 47.1368 -22.4674 9.4547 48.0192 -22.2282 
4 9.4547 48.0192 -22.2282 9.4547 47.1368 -22.4674 5.3147 47.1368 -21.9611 5.3147 48.0192 -21.7195 
4 5.3147 48.0192 -21.7195 5.3147 47.1368 -21.9611 1.1747 47.1368 -21.4549 1.1747 48.0192 -21.2108 
4 1.1747 48.0192 -21.2108 1.1747 47.1368 -21.4549 -2.9653 47.1368 -20.9486 -2.9653 48.0192 -20.7021 
4 -2.9653 48.0192 -20.7021 -2.9653 47.1368 -20.9486 -7.1053 47.1368 -20.4423 -7.1053 48.0192 -20.1934 
4 -7.1053 48.0192 -20.1934 -7.1053 47.1368 -20.4423 -13.3509 47.1368 -19.8709 -13.0804 48.0192 -19.6526 
4 -16.163 97.1176 -15.6512 -16.3706 96.2352 -15.8229 -18.0651 96.2352 -15.2642 -18.0651 97.1176 -15.0476 
4 -18.0651 97.1176 -15.0476 -18.0651 96.2352 -15.2642 -19.3448 96.2352 -14.6568 -19.349 97.1176 -14.4412 
4 -19.2032 47.1368 -18.9235 -19.2032 45.8783 -19.2879 -20.0158 45.8783 -19.0121 -20.0158 47.1368 -18.6443 
4 -20.0158 47.1368 -18.6443 -20.0158 45.8783 -19.0121 -20.6107 45.8783 -18.4459 -20.6107 47.1368 -18.083 
4 -20.6107 47.1368 -18.083 -20.6107 45.8783 -18.4459 -20.8284 45.8783 -17.7412 -20.8284 47.1368 -17.39 
4 -20.8284 47.1368 -17.39 -20.8284 45.8783 -17.7412 -21.1801 45.8783 -12.6723 -21.2294 47.1368 -12.4214 
4 -21.2294 47.1368 -12.4214 -21.1801 45.8783 -12.6723 -22.7682 45.8783 -7.6034 -22.7982 47.1368 -7.4528 
4 -22.7982 47.1368 -7.4528 -22.7682 45.8783 -7.6034 -23.3583 45.8783 -2.5345 -23.3583 47.1368 -2.4843 
4 -23.3583 47.1368 -2.4843 -23.3583 45.8783 -2.5345 -23.3583 45.8783 2.5345 -23.3583 47.1368 2.4843 
4 -23.3583 47.1368 2.4843 -23.3583 45.8783 2.5345 -22.7682 45.8783 7.6034 -22.7982 47.1368 7.4528 
4 -22.7982 47.1368 7.4528 -22.7682 45.8783 7.6034 -21.1801 45.8783 12.6723 -21.2294 47.1368 12.4214 
4 -21.2294 47.1368 12.4214 -21.1801 45.8783 12.6723 -20.8284 45.8783 17.7412 -20.8284 47.1368 17.39 
4 -20.8284 47.1368 17.39 -20.8284 45.8783 17.7412 -20.6107 45.8783 18.4459 -20.6107 47.1368 18.083 
4 -20.6107 47.1368 18.083 -20.6107 45.8783 18.4459 -20.0158 45.8783 19.0121 -20.0158 47.1368 18.6443 
4 -20.0158 47.1368 18.6443 -20.0158 45.8783 19.0121 -19.2032 45.8783 19.2879 -19.2032 47.1368 18.9235 
4 -19.2032 47.1368 18.9235 -19.2032 45.8783 19.2879 -15.3854 45.8783 19.7591 -15.3854 47.1368 19.4298 
4 -15.3854 47.1368 19.4298 -15.3854 45.8783 19.7591 -12.8186 45.8783 20.2303 -13.3509 47.1368 19.8709 
4 -13.3509 47.1368 19.8709 -12.8186 45.8783 20.2303 -7.1053 45.8783 20.7015 -7.1053 47.1368 20.4423 
4 -7.1053 47.1368 20.4423 -7.1053 45.8783 20.7015 -2.9653 45.8783 21.1727 -2.9653 47.1368 20.9486 
4 -2.9653 47.1368 20.9486 -2.9653 45.8783 21.1727 1.1747 45.8783 21.6439 1.1747 47.1368 21.4549 
4 1.1747 47.1368 21.4549 1.1747 45.8783 21.6439 5.3147 45.8783 22.1152 5.3147 47.1368 21.9611 
4 5.3147 47.1368 21.9611 5.3147 45.8783 22.1152 9.4547 45.8783 22.5864 9.4547 47.1368 22.4674 
4 9.4547 47.1368 22.4674 9.4547 45.8783 22.5864 13.5947 45.8783 23.0576 13.5947 47.1368 22.9737 
4 13.5947 47.1368 22.9737 13.5947 45.8783 23.0576 17.7347 45.8783 23.5288 17.7347 47.1368 23.48 
4 17.7347 47.1368 23.48 17.7347 45.8783 23.5288 21.8747 45.8783 24 21.8747 47.1368 23.9862 
4 21.8747 47.1368 23.9862 21.8747 45.8783 24 22.6874 45.8783 23.8624 22.6874 47.1368 23.8556 
4 22.6874 47.1368 23.8556 22.6874 45.8783 23.8624 23.2823 45.8783 23.2991 23.2822 47.1368 23.2973 
4 23.2822 47.1368 23.2973 23.2823 45.8783 23.2991 23.5 45.8783 22.461 23.5 47.1368 22.461 
4 23.5 47.1368 22.461 23.5 45.8783 22.461 23.5 45.8783 16.0436 23.5 47.1368 16.0436 
4 23.5 47.1368 16.0436 23.5 45.8783 16.0436 23.5 45.8783 9.6261 23.5 47.1368 9.6261 
4 23.5 47.1368 9.6261 23.5 45.8783 9.6261 23.5 45.8783 3.2087 23.5 47.1368 3.2087 
4 23.5 47.1368 3.2087 23.5 45.8783 3.2087 23.5 45.8783 -3.2087 23.5 47.1368 -3.2087 
4 23.5 47.1368 -3.2087 23.5 45.8783 -3.2087 23.5 45.8783 -9.6261 23.5 47.1368 -9.6261 
4 23.5 47.1368 -9.6261 23.5 45.8783 -9.6261 23.5 45.8783 -16.0436 23.5 47.1368 -16.0436 
4 23.5 47.1368 -16.0436 23.5 45.8783 -16.0436 23.5 45.8783 -22.461 23.5 47.1368 -22.461 
4 23.5 47.1368 -22.461 23.5 45.8783 -22.461 23.2823 45.8783 -23.2991 23.2822 47.1368 -23.2973 
4 23.2822 47.1368 -23.2973 23.2823 45.8783 -23.2991 22.6874 45.8783 -23.8624 22.6874 47.1368 -23.8556 
4 22.6874 47.1368 -23.8556 22.6874 45.8783 -23.8624 21.8747 45.8783 -24 21.8747 47.1368 -23.9862 
4 21.8747 47.1368 -23.9862 21.8747 45.8783 -24 17.7347 45.8783 -23.5288 17.7347 47.1368 -23.48 
4 17.7347 47.1368 -23.48 17.7347 45.8783 -23.5288 13.5947 45.8783 -23.0576 13.5947 47.1368 -22.9737 
4 13.5947 47.1368 -22.9737 13.5947 45.8783 -23.0576 9.4547 45.8783 -22.5864 9.4547 47.1368 -22.4674 
4 9.4547 47.1368 -22.4674 9.4547 45.8783 -22.5864 5.3147 45.8783 -22.1152 5.3147 47.1368 -21.9611 
4 5.3147 47.1368 -21.9611 5.3147 45.8783 -22.1152 1.1747 45.8783 -21.6439 1.1747 47.1368 -21.4549 
4 1.1747 47.1368 -21.4549 1.1747 45.8783 -21.6439 -2.9653 45.8783 -21.1727 -2.9653 47.1368 -20.9486 
4 -2.9653 47.1368 -20.9486 -2.9653 45.8783 -21.1727 -7.1053 45.8783 -20.7015 -7.1053 47.1368 -20.4423 
4 -7.1053 47.1368 -20.4423 -7.1053 45.8783 -20.7015 -12.8186 45.8783 -20.2303 -13.3509 47.1368 -19.8709 
4 -13.3509 47.1368 -19.8709 -12.8186 45.8783 -20.2303 -15.3854 45.8783 -19.7591 -15.3854 47.1368 -19.4298 
4 -15.3854 47.1368 -19.4298 -15.3854 45.8783 -19.7591 -19.2032 45.8783 -19.2879 -19.2032 47.1368 -18.9235 
4 -19.2032 45.8783 -19.2879 -19.2032 45.3186 -19.1791 -19.9069 45.3186 -18.9415 -20.0158 45.8783 -19.0121 
4 -20.0158 45.8783 -19.0121 -19.9069 45.3186 -18.9415 -20.4221 45.3186 -18.4503 -20.6107 45.8783 -18.4459 
4 -20.6107 45.8783 -18.4459 -20.4221 45.3186 -18.4503 -20.6107 45.3186 -17.8372 -20.8284 45.8783 -17.7412 
4 -20.8284 45.8783 -17.7412 -20.6107 45.3186 -17.8372 -20.9493 45.3186 -12.7409 -21.1801 45.8783 -12.6723 
4 -21.1801 45.8783 -12.6723 -20.9493 45.3186 -12.7409 -22.5422 45.3186 -7.6445 -22.7682 45.8783 -7.6034 
4 -22.7682 45.8783 -7.6034 -22.5422 45.3186 -7.6445 -23.1406 45.3186 -2.5482 -23.3583 45.8783 -2.5345 
4 -23.3583 45.8783 -2.5345 -23.1406 45.3186 -2.5482 -23.1406 45.3186 2.5482 -23.3583 45.8783 2.5345 
4 -23.3583 45.8783 2.5345 -23.1406 45.3186 2.5482 -22.5422 45.3186 7.6445 -22.7682 45.8783 7.6034 
4 -22.7682 45.8783 7.6034 -22.5422 45.3186 7.6445 -20.9493 45.3186 12.7409 -21.1801 45.8783 12.6723 
4 -21.1801 45.8783 12.6723 -20.9493 45.3186 12.7409 -20.6107 45.3186 17.8372 -20.8284 45.8783 17.7412 
4 -20.8284 45.8783 17.7412 -20.6107 45.3186 17.8372 -20.4221 45.3186 18.4503 -20.6107 45.8783 18.4459 
4 -20.6107 45.8783 18.4459 -20.4221 45.3186 18.4503 -19.9069 45.3186 18.9415 -20.0158 45.8783 19.0121 
4 -20.0158 45.8783 19.0121 -19.9069 45.3186 18.9415 -19.2032 45.3186 19.1791 -19.2032 45.8783 19.2879 
4 -19.2032 45.8783 19.2879 -19.2032 45.3186 19.1791 -15.3854 45.3186 19.6385 -15.3854 45.8783 19.7591 
4 -15.3854 45.8783 19.7591 -15.3854 45.3186 19.6385 -12.8186 45.3186 20.098 -12.8186 45.8783 20.2303 
4 -12.8186 45.8783 20.2303 -12.8186 45.3186 20.098 -7.1053 45.3186 20.5574 -7.1053 45.8783 20.7015 
4 -7.1053 45.8783 20.7015 -7.1053 45.3186 20.5574 -2.9653 45.3186 21.0169 -2.9653 45.8783 21.1727 
4 -2.9653 45.8783 21.1727 -2.9653 45.3186 21.0169 1.1747 45.3186 21.4764 1.1747 45.8783 21.6439 
4 1.1747 45.8783 21.6439 1.1747 45.3186 21.4764 5.3147 45.3186 21.9358 5.3147 45.8783 22.1152 
4 5.3147 45.8783 22.1152 5.3147 45.3186 21.9358 9.4547 45.3186 22.3953 9.4547 45.8783 22.5864 
4 9.4547 45.8783 22.5864 9.4547 45.3186 22.3953 13.5947 45.3186 22.8547 13.5947 45.8783 23.0576 
4 13.5947 45.8783 23.0576 13.5947 45.3186 22.8547 17.7347 45.3186 23.3142 17.7347 45.8783 23.5288 
4 17.7347 45.8783 23.5288 17.7347 45.3186 23.3142 21.8747 45.3186 23.7736 21.8747 45.8783 24 
4 21.8747 45.8783 24 21.8747 45.3186 23.7736 22.5785 45.3186 23.6526 22.6874 45.8783 23.8624 
4 22.6874 45.8783 23.8624 22.5785 45.3186 23.6526 23.0937 45.3186 23.1638 23.2823 45.8783 23.2991 
4 23.2823 45.8783 23.2991 23.0937 45.3186 23.1638 23.2822 45.3186 22.4383 23.5 45.8783 22.461 
4 23.5 45.8783 22.461 23.2822 45.3186 22.4383 23.2822 45.3186 16.0274 23.5 45.8783 16.0436 
4 23.5 45.8783 16.0436 23.2822 45.3186 16.0274 23.2823 45.3186 9.6164 23.5 45.8783 9.6261 
4 23.5 45.8783 9.6261 23.2823 45.3186 9.6164 23.2823 45.3186 3.2055 23.5 45.8783 3.2087 
4 23.5 45.8783 3.2087 23.2823 45.3186 3.2055 23.2823 45.3186 -3.2055 23.5 45.8783 -3.2087 
4 23.5 45.8783 -3.2087 23.2823 45.3186 -3.2055 23.2822 45.3186 -9.6164 23.5 45.8783 -9.6261 
4 23.5 45.8783 -9.6261 23.2822 45.3186 -9.6164 23.2822 45.3186 -16.0274 23.5 45.8783 -16.0436 
4 23.5 45.8783 -16.0436 23.2822 45.3186 -16.0274 23.2822 45.3186 -22.4383 23.5 45.8783 -22.461 
4 23.5 45.8783 -22.461 23.2822 45.3186 -22.4383 23.0937 45.3186 -23.1638 23.2823 45.8783 -23.2991 
4 23.2823 45.8783 -23.2991 23.0937 45.3186 -23.1638 22.5785 45.3186 -23.6526 22.6874 45.8783 -23.8624 
4 22.6874 45.8783 -23.8624 22.5785 45.3186 -23.6526 21.8747 45.3186 -23.7736 21.8747 45.8783 -24 
4 21.8747 45.8783 -24 21.8747 45.3186 -23.7736 17.7347 45.3186 -23.3142 17.7347 45.8783 -23.5288 
4 17.7347 45.8783 -23.5288 17.7347 45.3186 -23.3142 13.5947 45.3186 -22.8547 13.5947 45.8783 -23.0576 
4 13.5947 45.8783 -23.0576 13.5947 45.3186 -22.8547 9.4547 45.3186 -22.3953 9.4547 45.8783 -22.5864 
4 9.4547 45.8783 -22.5864 9.4547 45.3186 -22.3953 5.3147 45.3186 -21.9358 5.3147 45.8783 -22.1152 
4 5.3147 45.8783 -22.1152 5.3147 45.3186 -21.9358 1.1747 45.3186 -21.4764 1.1747 45.8783 -21.6439 
4 1.1747 45.8783 -21.6439 1.1747 45.3186 -21.4764 -2.9653 45.3186 -21.0169 -2.9653 45.8783 -21.1727 
4 -2.9653 45.8783 -21.1727 -2.9653 45.3186 -21.0169 -7.1053 45.3186 -20.5575 -7.1053 45.8783 -20.7015 
4 -7.1053 45.8783 -20.7015 -7.1053 45.3186 -20.5575 -12.8186 45.3186 -20.098 -12.8186 45.8783 -20.2303 
4 -12.8186 45.8783 -20.2303 -12.8186 45.3186 -20.098 -15.3854 45.3186 -19.6385 -15.3854 45.8783 -19.7591 
4 -15.3854 45.8783 -19.7591 -15.3854 45.3186 -19.6385 -19.2032 45.3186 -19.1791 -19.2032 45.8783 -19.2879 
4 -19.2032 45.3186 -19.1791 -19.2032 44.9951 -18.7276 -19.6095 44.9951 -18.5917 -19.9069 45.3186 -18.9415 
4 -19.9069 45.3186 -18.9415 -19.6095 44.9951 -18.5917 -19.9069 44.9951 -18.3077 -20.4221 45.3186 -18.4503 
4 -20.4221 45.3186 -18.4503 -19.9069 44.9951 -18.3077 -20.0158 44.9951 -17.9518 -20.6107 45.3186 -17.8372 
4 -20.6107 45.3186 -17.8372 -20.0158 44.9951 -17.9518 -20.3391 44.9951 -12.8227 -20.9493 45.3186 -12.7409 
4 -20.9493 45.3186 -12.7409 -20.3391 44.9951 -12.8227 -21.9374 44.9951 -7.6936 -22.5422 45.3186 -7.6445 
4 -22.5422 45.3186 -7.6445 -21.9374 44.9951 -7.6936 -22.5457 44.9951 -2.5646 -23.1406 45.3186 -2.5482 
4 -23.1406 45.3186 -2.5482 -22.5457 44.9951 -2.5646 -22.5457 44.9951 2.5645 -23.1406 45.3186 2.5482 
4 -23.1406 45.3186 2.5482 -22.5457 44.9951 2.5645 -21.9374 44.9951 7.6936 -22.5422 45.3186 7.6445 
4 -22.5422 45.3186 7.6445 -21.9374 44.9951 7.6936 -20.3391 44.9951 12.8227 -20.9493 45.3186 12.7409 
4 -20.9493 45.3186 12.7409 -20.3391 44.9951 12.8227 -20.0158 44.9951 17.9518 -20.6107 45.3186 17.8372 
4 -20.6107 45.3186 17.8372 -20.0158 44.9951 17.9518 -19.9069 44.9951 18.3077 -20.4221 45.3186 18.4503 
4 -20.4221 45.3186 18.4503 -19.9069 44.9951 18.3077 -19.6095 44.9951 18.5917 -19.9069 45.3186 18.9415 
4 -19.9069 45.3186 18.9415 -19.6095 44.9951 18.5917 -19.2032 44.9951 18.7276 -19.2032 45.3186 19.1791 
4 -19.2032 45.3186 19.1791 -19.2032 44.9951 18.7276 -15.3854 44.9951 19.1698 -15.3854 45.3186 19.6385 
4 -15.3854 45.3186 19.6385 -15.3854 44.9951 19.1698 -12.8186 44.9951 19.6119 -12.8186 45.3186 20.098 
4 -12.8186 45.3186 20.098 -12.8186 44.9951 19.6119 -7.1053 44.9951 20.0541 -7.1053 45.3186 20.5574 
4 -7.1053 45.3186 20.5574 -7.1053 44.9951 20.0541 -2.9653 44.9951 20.4963 -2.9653 45.3186 21.0169 
4 -2.9653 45.3186 21.0169 -2.9653 44.9951 20.4963 1.1747 44.9951 20.9385 1.1747 45.3186 21.4764 
4 1.1747 45.3186 21.4764 1.1747 44.9951 20.9385 5.3147 44.9951 21.3807 5.3147 45.3186 21.9358 
4 5.3147 45.3186 21.9358 5.3147 44.9951 21.3807 9.4547 44.9951 21.8229 9.4547 45.3186 22.3953 
4 9.4547 45.3186 22.3953 9.4547 44.9951 21.8229 13.5947 44.9951 22.265 13.5947 45.3186 22.8547 
4 13.5947 45.3186 22.8547 13.5947 44.9951 22.265 17.7347 44.9951 22.7072 17.7347 45.3186 23.3142 
4 17.7347 45.3186 23.3142 17.7347 44.9951 22.7072 21.8747 44.9951 23.1494 21.8747 45.3186 23.7736 
4 21.8747 45.3186 23.7736 21.8747 44.9951 23.1494 22.281 44.9951 23.078 22.5785 45.3186 23.6526 
4 22.5785 45.3186 23.6526 22.281 44.9951 23.078 22.5785 44.9951 22.7954 23.0937 45.3186 23.1638 
4 23.0937 45.3186 23.1638 22.5785 44.9951 22.7954 22.6874 44.9951 22.3774 23.2822 45.3186 22.4383 
4 23.2822 45.3186 22.4383 22.6874 44.9951 22.3774 22.6874 44.9951 15.9839 23.2822 45.3186 16.0274 
4 23.2822 45.3186 16.0274 22.6874 44.9951 15.9839 22.6874 44.9951 9.5903 23.2823 45.3186 9.6164 
4 23.2823 45.3186 9.6164 22.6874 44.9951 9.5903 22.6874 44.9951 3.1968 23.2823 45.3186 3.2055 
4 23.2823 45.3186 3.2055 22.6874 44.9951 3.1968 22.6874 44.9951 -3.1968 23.2823 45.3186 -3.2055 
4 23.2823 45.3186 -3.2055 22.6874 44.9951 -3.1968 22.6874 44.9951 -9.5903 23.2822 45.3186 -9.6164 
4 23.2822 45.3186 -9.6164 22.6874 44.9951 -9.5903 22.6874 44.9951 -15.9839 23.2822 45.3186 -16.0274 
4 23.2822 45.3186 -16.0274 22.6874 44.9951 -15.9839 22.6874 44.9951 -22.3774 23.2822 45.3186 -22.4383 
4 23.2822 45.3186 -22.4383 22.6874 44.9951 -22.3774 22.5785 44.9951 -22.7954 23.0937 45.3186 -23.1638 
4 23.0937 45.3186 -23.1638 22.5785 44.9951 -22.7954 22.281 44.9951 -23.078 22.5785 45.3186 -23.6526 
4 22.5785 45.3186 -23.6526 22.281 44.9951 -23.078 21.8747 44.9951 -23.1494 21.8747 45.3186 -23.7736 
4 21.8747 45.3186 -23.7736 21.8747 44.9951 -23.1494 17.7347 44.9951 -22.7072 17.7347 45.3186 -23.3142 
4 17.7347 45.3186 -23.3142 17.7347 44.9951 -22.7072 13.5947 44.9951 -22.265 13.5947 45.3186 -22.8547 
4 13.5947 45.3186 -22.8547 13.5947 44.9951 -22.265 9.4547 44.9951 -21.8229 9.4547 45.3186 -22.3953 
4 9.4547 45.3186 -22.3953 9.4547 44.9951 -21.8229 5.3147 44.9951 -21.3807 5.3147 45.3186 -21.9358 
4 5.3147 45.3186 -21.9358 5.3147 44.9951 -21.3807 1.1747 44.9951 -20.9385 1.1747 45.3186 -21.4764 
4 1.1747 45.3186 -21.4764 1.1747 44.9951 -20.9385 -2.9653 44.9951 -20.4963 -2.9653 45.3186 -21.0169 
4 -2.9653 45.3186 -21.0169 -2.9653 44.9951 -20.4963 -7.1053 44.9951 -20.0541 -7.1053 45.3186 -20.5575 
4 -7.1053 45.3186 -20.5575 -7.1053 44.9951 -20.0541 -12.8186 44.9951 -19.6119 -12.8186 45.3186 -20.098 
4 -12.8186 45.3186 -20.098 -12.8186 44.9951 -19.6119 -15.3854 44.9951 -19.1698 -15.3854 45.3186 -19.6385 
4 -15.3854 45.3186 -19.6385 -15.3854 44.9951 -19.1698 -19.2032 44.9951 -18.7276 -19.2032 45.3186 -19.1791 
3 -19.2032 44.9951 -18.7276 -19.2032 44.7586 -18.0544 -19.6095 44.9951 -18.5917 
3 -19.6095 44.9951 -18.5917 -19.2032 44.7586 -18.0544 -19.9069 44.9951 -18.3077 
3 -19.9069 44.9951 -18.3077 -19.2032 44.7586 -18.0544 -20.0158 44.9951 -17.9518 
4 -20.0158 44.9951 -17.9518 -19.2032 44.7586 -18.0544 -19.5129 44.7586 -12.896 -20.3391 44.9951 -12.8227 
4 -20.3391 44.9951 -12.8227 -19.5129 44.7586 -12.896 -21.1158 44.7586 -7.7376 -21.9374 44.9951 -7.6936 
4 -21.9374 44.9951 -7.6936 -21.1158 44.7586 -7.7376 -21.733 44.7586 -2.5792 -22.5457 44.9951 -2.5646 
4 -22.5457 44.9951 -2.5646 -21.733 44.7586 -2.5792 -21.733 44.7586 2.5792 -22.5457 44.9951 2.5645 
4 -22.5457 44.9951 2.5645 -21.733 44.7586 2.5792 -21.1158 44.7586 7.7376 -21.9374 44.9951 7.6936 
4 -21.9374 44.9951 7.6936 -21.1158 44.7586 7.7376 -19.5129 44.7586 12.896 -20.3391 44.9951 12.8227 
4 -20.3391 44.9951 12.8227 -19.5129 44.7586 12.896 -19.2032 44.7586 18.0544 -20.0158 44.9951 17.9518 
3 -20.0158 44.9951 17.9518 -19.2032 44.7586 18.0544 -19.9069 44.9951 18.3077 
3 -19.9069 44.9951 18.3077 -19.2032 44.7586 18.0544 -19.6095 44.9951 18.5917 
3 -19.6095 44.9951 18.5917 -19.2032 44.7586 18.0544 -19.2032 44.9951 18.7276 
4 -19.2032 44.9951 18.7276 -19.2032 44.7586 18.0544 -15.3854 44.7586 18.4784 -15.3854 44.9951 19.1698 
4 -15.3854 44.9951 19.1698 -15.3854 44.7586 18.4784 -12.8186 44.7586 18.9024 -12.8186 44.9951 19.6119 
4 -12.8186 44.9951 19.6119 -12.8186 44.7586 18.9024 -7.1053 44.7586 19.3264 -7.1053 44.9951 20.0541 
4 -7.1053 44.9951 20.0541 -7.1053 44.7586 19.3264 -2.9653 44.7586 19.7504 -2.9653 44.9951 20.4963 
4 -2.9653 44.9951 20.4963 -2.9653 44.7586 19.7504 1.1747 44.7586 20.1745 1.1747 44.9951 20.9385 
4 1.1747 44.9951 20.9385 1.1747 44.7586 20.1745 5.3147 44.7586 20.5985 5.3147 44.9951 21.3807 
4 5.3147 44.9951 21.3807 5.3147 44.7586 20.5985 9.4547 44.7586 21.0225 9.4547 44.9951 21.8229 
4 9.4547 44.9951 21.8229 9.4547 44.7586 21.0225 13.5947 44.7586 21.4465 13.5947 44.9951 22.265 
4 13.5947 44.9951 22.265 13.5947 44.7586 21.4465 17.7347 44.7586 21.8705 17.7347 44.9951 22.7072 
4 17.7347 44.9951 22.7072 17.7347 44.7586 21.8705 21.8747 44.7586 22.2945 21.8747 44.9951 23.1494 
3 21.8747 44.9951 23.1494 21.8747 44.7586 22.2945 22.281 44.9951 23.078 
3 22.281 44.9951 23.078 21.8747 44.7586 22.2945 22.5785 44.9951 22.7954 
3 22.5785 44.9951 22.7954 21.8747 44.7586 22.2945 22.6874 44.9951 22.3774 
4 22.6874 44.9951 22.3774 21.8747 44.7586 22.2945 21.8747 44.7586 15.9247 22.6874 44.9951 15.9839 
4 22.6874 44.9951 15.9839 21.8747 44.7586 15.9247 21.8747 44.7586 9.5548 22.6874 44.9951 9.5903 
4 22.6874 44.9951 9.5903 21.8747 44.7586 9.5548 21.8747 44.7586 3.1849 22.6874 44.9951 3.1968 
4 22.6874 44.9951 3.1968 21.8747 44.7586 3.1849 21.8747 44.7586 -3.1849 22.6874 44.9951 -3.1968 
4 22.6874 44.9951 -3.1968 21.8747 44.7586 -3.1849 21.8747 44.7586 -9.5548 22.6874 44.9951 -9.5903 
4 22.6874 44.9951 -9.5903 21.8747 44.7586 -9.5548 21.8747 44.7586 -15.9247 22.6874 44.9951 -15.9839 
4 22.6874 44.9951 -15.9839 21.8747 44.7586 -15.9247 21.8747 44.7586 -22.2945 22.6874 44.9951 -22.3774 
3 22.6874 44.9951 -22.3774 21.8747 44.7586 -22.2945 22.5785 44.9951 -22.7954 
3 22.5785 44.9951 -22.7954 21.8747 44.7586 -22.2945 22.281 44.9951 -23.078 
3 22.281 44.9951 -23.078 21.8747 44.7586 -22.2945 21.8747 44.9951 -23.1494 
4 21.8747 44.9951 -23.1494 21.8747 44.7586 -22.2945 17.7347 44.7586 -21.8705 17.7347 44.9951 -22.7072 
4 17.7347 44.9951 -22.7072 17.7347 44.7586 -21.8705 13.5947 44.7586 -21.4465 13.5947 44.9951 -22.265 
4 13.5947 44.9951 -22.265 13.5947 44.7586 -21.4465 9.4547 44.7586 -21.0225 9.4547 44.9951 -21.8229 
4 9.4547 44.9951 -21.8229 9.4547 44.7586 -21.0225 5.3147 44.7586 -20.5985 5.3147 44.9951 -21.3807 
4 5.3147 44.9951 -21.3807 5.3147 44.7586 -20.5985 1.1747 44.7586 -20.1745 1.1747 44.9951 -20.9385 
4 1.1747 44.9951 -20.9385 1.1747 44.7586 -20.1745 -2.9653 44.7586 -19.7504 -2.9653 44.9951 -20.4963 
4 -2.9653 44.9951 -20.4963 -2.9653 44.7586 -19.7504 -7.1053 44.7586 -19.3264 -7.1053 44.9951 -20.0541 
4 -7.1053 44.9951 -20.0541 -7.1053 44.7586 -19.3264 -12.8186 44.7586 -18.9024 -12.8186 44.9951 -19.6119 
4 -12.8186 44.9951 -19.6119 -12.8186 44.7586 -18.9024 -15.3854 44.7586 -18.4784 -15.3854 44.9951 -19.1698 
4 -15.3854 44.9951 -19.1698 -15.3854 44.7586 -18.4784 -19.2032 44.7586 -18.0544 -19.2032 44.9951 -18.7276 
4 21.8747 44.7586 15.9247 21.8747 44.7586 22.2945 17.7347 44.7586 21.8705 17.7347 44.7586 15.6218 
4 17.7347 44.7586 15.6218 17.7347 44.7586 21.8705 13.5947 44.7586 21.4465 13.5947 44.7586 15.3189 
4 13.5947 44.7586 15.3189 13.5947 44.7586 21.4465 9.4547 44.7586 21.0225 9.4547 44.7586 15.0161 
4 9.4547 44.7586 15.0161 9.4547 44.7586 21.0225 5.3147 44.7586 20.5985 5.3147 44.7586 14.7132 
4 5.3147 44.7586 14.7132 5.3147 44.7586 20.5985 1.1747 44.7586 20.1745 1.1747 44.7586 14.4103 
4 1.1747 44.7586 14.4103 1.1747 44.7586 20.1745 -2.9653 44.7586 19.7504 -2.9653 44.7586 14.1075 
4 -2.9653 44.7586 14.1075 -2.9653 44.7586 19.7504 -7.1053 44.7586 19.3264 -7.1074 44.7586 13.8046 
4 -7.1074 44.7586 13.8046 -7.1053 44.7586 19.3264 -12.8186 44.7586 18.9024 -13.0261 44.7586 13.5017 
4 -13.0261 44.7586 13.5017 -12.8186 44.7586 18.9024 -15.3854 44.7586 18.4784 -15.6419 44.7586 13.1989 
4 -15.6419 44.7586 13.1989 -15.3854 44.7586 18.4784 -19.2032 44.7586 18.0544 -19.5129 44.7586 12.896 
4 21.8747 44.7586 9.5548 21.8747 44.7586 15.9247 17.7347 44.7586 15.6218 17.7347 44.7586 9.3731 
4 17.7347 44.7586 9.3731 17.7347 44.7586 15.6218 13.5947 44.7586 15.3189 13.5947 44.7586 9.1914 
4 13.5947 44.7586 9.1914 13.5947 44.7586 15.3189 9.4547 44.7586 15.0161 9.4547 44.7586 9.0096 
4 9.4547 44.7586 9.0096 9.4547 44.7586 15.0161 5.3147 44.7586 14.7132 5.3147 44.7586 8.8279 
4 5.3147 44.7586 8.8279 5.3147 44.7586 14.7132 1.1747 44.7586 14.4103 1.1747 44.7586 8.6462 
4 1.1747 44.7586 8.6462 1.1747 44.7586 14.4103 -2.9653 44.7586 14.1075 -3.0171 44.7586 8.4645 
4 -3.0171 44.7586 8.4645 -2.9653 44.7586 14.1075 -7.1074 44.7586 13.8046 -8.0181 44.7586 8.2828 
4 -8.0181 44.7586 8.2828 -7.1074 44.7586 13.8046 -13.0261 44.7586 13.5017 -14.6565 44.7586 8.101 
4 -14.6565 44.7586 8.101 -13.0261 44.7586 13.5017 -15.6419 44.7586 13.1989 -17.2609 44.7586 7.9193 
4 -17.2609 44.7586 7.9193 -15.6419 44.7586 13.1989 -19.5129 44.7586 12.896 -21.1158 44.7586 7.7376 
4 21.8747 44.7586 3.1849 21.8747 44.7586 9.5548 17.7347 44.7586 9.3731 17.7347 44.7586 3.1244 
4 17.7347 44.7586 3.1244 17.7347 44.7586 9.3731 13.5947 44.7586 9.1914 13.5947 44.7586 3.0638 
4 13.5947 44.7586 3.0638 13.5947 44.7586 9.1914 9.4547 44.7586 9.0096 9.4547 44.7586 3.0032 
4 9.4547 44.7586 3.0032 9.4547 44.7586 9.0096 5.3147 44.7586 8.8279 5.3147 44.7586 2.9426 
4 5.3147 44.7586 2.9426 5.3147 44.7586 8.8279 1.1747 44.7586 8.6462 1.1747 44.7586 2.8821 
4 1.1747 44.7586 2.8821 1.1747 44.7586 8.6462 -3.0171 44.7586 8.4645 -3.2699 44.7586 2.8215 
4 -3.2699 44.7586 2.8215 -3.0171 44.7586 8.4645 -8.0181 44.7586 8.2828 -8.7524 44.7586 2.7609 
4 -8.7524 44.7586 2.7609 -8.0181 44.7586 8.2828 -14.6565 44.7586 8.101 -15.3485 44.7586 2.7003 
4 -15.3485 44.7586 2.7003 -14.6565 44.7586 8.101 -17.2609 44.7586 7.9193 -17.9152 44.7586 2.6398 
4 -17.9152 44.7586 2.6398 -17.2609 44.7586 7.9193 -21.1158 44.7586 7.7376 -21.733 44.7586 2.5792 
4 21.8747 44.7586 -3.1849 21.8747 44.7586 3.1849 17.7347 44.7586 3.1244 17.7347 44.7586 -3.1244 
4 17.7347 44.7586 -3.1244 17.7347 44.7586 3.1244 13.5947 44.7586 3.0638 13.5947 44.7586 -3.0638 
4 13.5947 44.7586 -3.0638 13.5947 44.7586 3.0638 9.4547 44.7586 3.0032 9.4547 44.7586 -3.0032 
4 9.4547 44.7586 -3.0032 9.4547 44.7586 3.0032 5.3147 44.7586 2.9426 5.3147 44.7586 -2.9426 
4 5.3147 44.7586 -2.9426 5.3147 44.7586 2.9426 1.1747 44.7586 2.8821 1.1747 44.7586 -2.8821 
4 1.1747 44.7586 -2.8821 1.1747 44.7586 2.8821 -3.2699 44.7586 2.8215 -3.2699 44.7586 -2.8215 
4 -3.2699 44.7586 -2.8215 -3.2699 44.7586 2.8215 -8.7524 44.7586 2.7609 -8.7524 44.7586 -2.7609 
4 -8.7524 44.7586 -2.7609 -8.7524 44.7586 2.7609 -15.3485 44.7586 2.7003 -15.3485 44.7586 -2.7003 
4 -15.3485 44.7586 -2.7003 -15.3485 44.7586 2.7003 -17.9152 44.7586 2.6398 -17.9152 44.7586 -2.6398 
4 -17.9152 44.7586 -2.6398 -17.9152 44.7586 2.6398 -21.733 44.7586 2.5792 -21.733 44.7586 -2.5792 
4 21.8747 44.7586 -9.5548 21.8747 44.7586 -3.1849 17.7347 44.7586 -3.1244 17.7347 44.7586 -9.3731 
4 17.7347 44.7586 -9.3731 17.7347 44.7586 -3.1244 13.5947 44.7586 -3.0638 13.5947 44.7586 -9.1914 
4 13.5947 44.7586 -9.1914 13.5947 44.7586 -3.0638 9.4547 44.7586 -3.0032 9.4547 44.7586 -9.0096 
4 9.4547 44.7586 -9.0096 9.4547 44.7586 -3.0032 5.3147 44.7586 -2.9426 5.3147 44.7586 -8.8279 
4 5.3147 44.7586 -8.8279 5.3147 44.7586 -2.9426 1.1747 44.7586 -2.8821 1.1747 44.7586 -8.6462 
4 1.1747 44.7586 -8.6462 1.1747 44.7586 -2.8821 -3.2699 44.7586 -2.8215 -3.0171 44.7586 -8.4645 
4 -3.0171 44.7586 -8.4645 -3.2699 44.7586 -2.8215 -8.7524 44.7586 -2.7609 -8.0181 44.7586 -8.2828 
4 -8.0181 44.7586 -8.2828 -8.7524 44.7586 -2.7609 -15.3485 44.7586 -2.7003 -14.6565 44.7586 -8.101 
4 -14.6565 44.7586 -8.101 -15.3485 44.7586 -2.7003 -17.9152 44.7586 -2.6398 -17.2609 44.7586 -7.9193 
4 -17.2609 44.7586 -7.9193 -17.9152 44.7586 -2.6398 -21.733 44.7586 -2.5792 -21.1158 44.7586 -7.7376 
4 21.8747 44.7586 -15.9247 21.8747 44.7586 -9.5548 17.7347 44.7586 -9.3731 17.7347 44.7586 -15.6218 
4 17.7347 44.7586 -15.6218 17.7347 44.7586 -9.3731 13.5947 44.7586 -9.1914 13.5947 44.7586 -15.3189 
4 13.5947 44.7586 -15.3189 13.5947 44.7586 -9.1914 9.4547 44.7586 -9.0096 9.4547 44.7586 -15.0161 
4 9.4547 44.7586 -15.0161 9.4547 44.7586 -9.0096 5.3147 44.7586 -8.8279 5.3147 44.7586 -14.7132 
4 5.3147 44.7586 -14.7132 5.3147 44.7586 -8.8279 1.1747 44.7586 -8.6462 1.1747 44.7586 -14.4103 
4 1.1747 44.7586 -14.4103 1.1747 44.7586 -8.6462 -3.0171 44.7586 -8.4645 -2.9653 44.7586 -14.1075 
4 -2.9653 44.7586 -14.1075 -3.0171 44.7586 -8.4645 -8.0181 44.7586 -8.2828 -7.1074 44.7586 -13.8046 
4 -7.1074 44.7586 -13.8046 -8.0181 44.7586 -8.2828 -14.6565 44.7586 -8.101 -13.0261 44.7586 -13.5017 
4 -13.0261 44.7586 -13.5017 -14.6565 44.7586 -8.101 -17.2609 44.7586 -7.9193 -15.6419 44.7586 -13.1988 
4 -15.6419 44.7586 -13.1988 -17.2609 44.7586 -7.9193 -21.1158 44.7586 -7.7376 -19.5129 44.7586 -12.896 
4 21.8747 44.7586 -22.2945 21.8747 44.7586 -15.9247 17.7347 44.7586 -15.6218 17.7347 44.7586 -21.8705 
4 17.7347 44.7586 -21.8705 17.7347 44.7586 -15.6218 13.5947 44.7586 -15.3189 13.5947 44.7586 -21.4465 
4 13.5947 44.7586 -21.4465 13.5947 44.7586 -15.3189 9.4547 44.7586 -15.0161 9.4547 44.7586 -21.0225 
4 9.4547 44.7586 -21.0225 9.4547 44.7586 -15.0161 5.3147 44.7586 -14.7132 5.3147 44.7586 -20.5985 
4 5.3147 44.7586 -20.5985 5.3147 44.7586 -14.7132 1.1747 44.7586 -14.4103 1.1747 44.7586 -20.1745 
4 1.1747 44.7586 -20.1745 1.1747 44.7586 -14.4103 -2.9653 44.7586 -14.1075 -2.9653 44.7586 -19.7504 
4 -2.9653 44.7586 -19.7504 -2.9653 44.7586 -14.1075 -7.1074 44.7586 -13.8046 -7.1053 44.7586 -19.3264 
4 -7.1053 44.7586 -19.3264 -7.1074 44.7586 -13.8046 -13.0261 44.7586 -13.5017 -12.8186 44.7586 -18.9024 
4 -12.8186 44.7586 -18.9024 -13.0261 44.7586 -13.5017 -15.6419 44.7586 -13.1988 -15.3854 44.7586 -18.4784 
4 -15.3854 44.7586 -18.4784 -15.6419 44.7586 -13.1988 -19.5129 44.7586 -12.896 -19.2032 44.7586 -18.0544 
4 -15.8701 98 -14.6754 -16.7173 98 -10.4824 -13.0846 48.9016 -13.1434 -12.8186 48.9016 -18.4007 
4 -15.9851 97.7635 -15.2302 -15.8701 98 -14.6754 -12.8186 48.9016 -18.4007 -12.8951 48.6652 -19.1136 
4 -16.163 97.1176 -15.6512 -15.9851 97.7635 -15.2302 -12.8951 48.6652 -19.1136 -13.0804 48.0192 -19.6526 
4 -16.3706 96.2352 -15.8229 -16.163 97.1176 -15.6512 -13.0804 48.0192 -19.6526 -13.3509 47.1368 -19.8709 
4 -18.0651 96.2352 -15.2642 -16.3706 96.2352 -15.8229 -13.3509 47.1368 -19.8709 -15.3854 47.1368 -19.4298 
4 -19.3448 96.2352 -14.6568 -18.0651 96.2352 -15.2642 -15.3854 47.1368 -19.4298 -19.2032 47.1368 -18.9235 
4 -20.1639 96.2352 -14.3391 -19.3448 96.2352 -14.6568 -19.2032 47.1368 -18.9235 -20.0158 47.1368 -18.6443 
4 -20.794 96.2352 -13.8348 -20.1639 96.2352 -14.3391 -20.0158 47.1368 -18.6443 -20.6107 47.1368 -18.083 
4 -21.0788 96.2352 -13.2788 -20.794 96.2352 -13.8348 -20.6107 47.1368 -18.083 -20.8284 47.1368 -17.39 
4 -22.0822 96.2352 -9.4849 -21.0788 96.2352 -13.2788 -20.8284 47.1368 -17.39 -21.2294 47.1368 -12.4214 
4 -23.255 96.2352 -5.6909 -22.0822 96.2352 -9.4849 -21.2294 47.1368 -12.4214 -22.7982 47.1368 -7.4528 
4 -23.5 96.2352 -1.897 -23.255 96.2352 -5.6909 -22.7982 47.1368 -7.4528 -23.3583 47.1368 -2.4843 
4 -23.5 96.2352 1.897 -23.5 96.2352 -1.897 -23.3583 47.1368 -2.4843 -23.3583 47.1368 2.4843 
4 -23.255 96.2352 5.6909 -23.5 96.2352 1.897 -23.3583 47.1368 2.4843 -22.7982 47.1368 7.4528 
4 -22.0822 96.2352 9.4849 -23.255 96.2352 5.6909 -22.7982 47.1368 7.4528 -21.2294 47.1368 12.4214 
4 -21.0788 96.2352 13.2788 -22.0822 96.2352 9.4849 -21.2294 47.1368 12.4214 -20.8284 47.1368 17.39 
4 -20.794 96.2352 13.8348 -21.0788 96.2352 13.2788 -20.8284 47.1368 17.39 -20.6107 47.1368 18.083 
4 -20.1639 96.2352 14.3391 -20.794 96.2352 13.8348 -20.6107 47.1368 18.083 -20.0158 47.1368 18.6443 
4 -19.3448 96.2352 14.6568 -20.1639 96.2352 14.3391 -20.0158 47.1368 18.6443 -19.2032 47.1368 18.9235 
4 -18.0651 96.2352 15.2641 -19.3448 96.2352 14.6568 -19.2032 47.1368 18.9235 -15.3854 47.1368 19.4298 
4 -16.3706 96.2352 15.8229 -18.0651 96.2352 15.2641 -15.3854 47.1368 19.4298 -13.3509 47.1368 19.8709 
4 -16.163 97.1176 15.6512 -16.3706 96.2352 15.8229 -13.3509 47.1368 19.8709 -13.0804 48.0192 19.6526 
4 -15.9851 97.7635 15.2302 -16.163 97.1176 15.6512 -13.0804 48.0192 19.6526 -12.8951 48.6652 19.1136 
4 -15.8701 98 14.6754 -15.9851 97.7635 15.2302 -12.8951 48.6652 19.1136 -12.8186 48.9016 18.4007 
4 -16.7173 98 10.4824 -15.8701 98 14.6754 -12.8186 48.9016 18.4007 -13.0846 48.9016 13.1434 
4 -18.0533 98 6.2894 -16.7173 98 10.4824 -13.0846 48.9016 13.1434 -14.701 48.9016 7.886 
4 -18.397 98 2.0965 -18.0533 98 6.2894 -14.701 48.9016 7.886 -15.3485 48.9016 2.6287 
4 -18.397 98 -2.0965 -18.397 98 2.0965 -15.3485 48.9016 2.6287 -15.3485 48.9016 -2.6287 
4 -18.0533 98 -6.2895 -18.397 98 -2.0965 -15.3485 48.9016 -2.6287 -14.701 48.9016 -7.886 
4 -16.7173 98 -10.4824 -18.0533 98 -6.2895 -14.701 48.9016 -7.886 -13.0846 48.9016 -13.1434 
4 18.3941 0.5609 -20.8613 18.3941 0.5609 -19.3642 21.1588 0.5609 -19.3642 21.1588 0.5609 -20.8613 
3 18.3941 0.5609 -20.8613 18.3941 0.5276 -21.0967 18.2295 0.5276 -21.0277 
3 18.3941 0.5609 -20.8613 18.2295 0.5276 -21.0277 18.1613 0.5276 -20.8613 
4 18.3941 0.5609 -20.8613 18.1613 0.5276 -20.8613 18.1613 0.5276 -19.3642 18.3941 0.5609 -19.3642 
3 18.3941 0.5609 -19.3642 18.1613 0.5276 -19.3642 18.2295 0.5276 -19.1978 
3 18.3941 0.5609 -19.3642 18.2295 0.5276 -19.1978 18.3941 0.5276 -19.1288 
4 18.3941 0.5609 -19.3642 18.3941 0.5276 -19.1288 21.1588 0.5276 -19.1288 21.1588 0.5609 -19.3642 
3 21.1588 0.5609 -19.3642 21.1588 0.5276 -19.1288 21.3234 0.5276 -19.1978 
3 21.1588 0.5609 -19.3642 21.3234 0.5276 -19.1978 21.3916 0.5276 -19.3642 
4 21.1588 0.5609 -19.3642 21.3916 0.5276 -19.3642 21.3916 0.5276 -20.8613 21.1588 0.5609 -20.8613 
3 21.1588 0.5609 -20.8613 21.3916 0.5276 -20.8613 21.3234 0.5276 -21.0277 
3 21.1588 0.5609 -20.8613 21.3234 0.5276 -21.0277 21.1588 0.5276 -21.0967 
4 21.1588 0.5609 -20.8613 21.1588 0.5276 -21.0967 18.3941 0.5276 -21.0967 18.3941 0.5609 -20.8613 
4 18.3941 0.5276 -21.0967 18.3941 0.4667 -21.1942 18.1613 0.4667 -21.0967 18.2295 0.5276 -21.0277 
4 18.2295 0.5276 -21.0277 18.1613 0.4667 -21.0967 18.0649 0.4667 -20.8613 18.1613 0.5276 -20.8613 
4 18.1613 0.5276 -20.8613 18.0649 0.4667 -20.8613 18.0649 0.4667 -19.3642 18.1613 0.5276 -19.3642 
4 18.1613 0.5276 -19.3642 18.0649 0.4667 -19.3642 18.1613 0.4667 -19.1288 18.2295 0.5276 -19.1978 
4 18.2295 0.5276 -19.1978 18.1613 0.4667 -19.1288 18.3941 0.4667 -19.0313 18.3941 0.5276 -19.1288 
4 18.3941 0.5276 -19.1288 18.3941 0.4667 -19.0313 21.1588 0.4667 -19.0313 21.1588 0.5276 -19.1288 
4 21.1588 0.5276 -19.1288 21.1588 0.4667 -19.0313 21.3916 0.4667 -19.1288 21.3234 0.5276 -19.1978 
4 21.3234 0.5276 -19.1978 21.3916 0.4667 -19.1288 21.488 0.4667 -19.3642 21.3916 0.5276 -19.3642 
4 21.3916 0.5276 -19.3642 21.488 0.4667 -19.3642 21.488 0.4667 -20.8613 21.3916 0.5276 -20.8613 
4 21.3916 0.5276 -20.8613 21.488 0.4667 -20.8613 21.3916 0.4667 -21.0967 21.3234 0.5276 -21.0277 
4 21.3234 0.5276 -21.0277 21.3916 0.4667 -21.0967 21.1588 0.4667 -21.1942 21.1588 0.5276 -21.0967 
4 21.1588 0.5276 -21.0967 21.1588 0.4667 -21.1942 18.3941 0.4667 -21.1942 18.3941 0.5276 -21.0967 
4 18.3941 0.4667 -21.1942 18.3941 0.1694 -21.1942 18.1613 0.1694 -21.0967 18.1613 0.4667 -21.0967 
4 18.1613 0.4667 -21.0967 18.1613 0.1694 -21.0967 18.0649 0.1694 -20.8613 18.0649 0.4667 -20.8613 
4 18.0649 0.4667 -20.8613 18.0649 0.1694 -20.8613 18.0649 0.1694 -19.3642 18.0649 0.4667 -19.3642 
4 18.0649 0.4667 -19.3642 18.0649 0.1694 -19.3642 18.1613 0.1694 -19.1288 18.1613 0.4667 -19.1288 
4 18.1613 0.4667 -19.1288 18.1613 0.1694 -19.1288 18.3941 0.1694 -19.0313 18.3941 0.4667 -19.0313 
4 18.3941 0.4667 -19.0313 18.3941 0.1694 -19.0313 21.1588 0.1694 -19.0313 21.1588 0.4667 -19.0313 
4 21.1588 0.4667 -19.0313 21.1588 0.1694 -19.0313 21.3916 0.1694 -19.1288 21.3916 0.4667 -19.1288 
4 21.3916 0.4667 -19.1288 21.3916 0.1694 -19.1288 21.488 0.1694 -19.3642 21.488 0.4667 -19.3642 
4 21.488 0.4667 -19.3642 21.488 0.1694 -19.3642 21.488 0.1694 -20.8613 21.488 0.4667 -20.8613 
4 21.488 0.4667 -20.8613 21.488 0.1694 -20.8613 21.3916 0.1694 -21.0967 21.3916 0.4667 -21.0967 
4 21.3916 0.4667 -21.0967 21.3916 0.1694 -21.0967 21.1588 0.1694 -21.1942 21.1588 0.4667 -21.1942 
4 21.1588 0.4667 -21.1942 21.1588 0.1694 -21.1942 18.3941 0.1694 -21.1942 18.3941 0.4667 -21.1942 
4 18.3941 0.1694 -21.1942 18.3941 0.1038 -21.0967 18.2295 0.1038 -21.0277 18.1613 0.1694 -21.0967 
4 18.1613 0.1694 -21.0967 18.2295 0.1038 -21.0277 18.1613 0.1038 -20.8613 18.0649 0.1694 -20.8613 
4 18.0649 0.1694 -20.8613 18.1613 0.1038 -20.8613 18.1613 0.1038 -19.3642 18.0649 0.1694 -19.3642 
4 18.0649 0.1694 -19.3642 18.1613 0.1038 -19.3642 18.2295 0.1038 -19.1978 18.1613 0.1694 -19.1288 
4 18.1613 0.1694 -19.1288 18.2295 0.1038 -19.1978 18.3941 0.1038 -19.1288 18.3941 0.1694 -19.0313 
4 18.3941 0.1694 -19.0313 18.3941 0.1038 -19.1288 21.1588 0.1038 -19.1288 21.1588 0.1694 -19.0313 
4 21.1588 0.1694 -19.0313 21.1588 0.1038 -19.1288 21.3234 0.1038 -19.1978 21.3916 0.1694 -19.1288 
4 21.3916 0.1694 -19.1288 21.3234 0.1038 -19.1978 21.3916 0.1038 -19.3642 21.488 0.1694 -19.3642 
4 21.488 0.1694 -19.3642 21.3916 0.1038 -19.3642 21.3916 0.1038 -20.8613 21.488 0.1694 -20.8613 
4 21.488 0.1694 -20.8613 21.3916 0.1038 -20.8613 21.3234 0.1038 -21.0277 21.3916 0.1694 -21.0967 
4 21.3916 0.1694 -21.0967 21.3234 0.1038 -21.0277 21.1588 0.1038 -21.0967 21.1588 0.1694 -21.1942 
4 21.1588 0.1694 -21.1942 21.1588 0.1038 -21.0967 18.3941 0.1038 -21.0967 18.3941 0.1694 -21.1942 
3 18.3941 0.1038 -21.0967 18.3941 0.0702 -20.8613 18.2295 0.1038 -21.0277 
3 18.2295 0.1038 -21.0277 18.3941 0.0702 -20.8613 18.1613 0.1038 -20.8613 
4 18.1613 0.1038 -20.8613 18.3941 0.0702 -20.8613 18.3941 0.0702 -19.3642 18.1613 0.1038 -19.3642 
3 18.1613 0.1038 -19.3642 18.3941 0.0702 -19.3642 18.2295 0.1038 -19.1978 
3 18.2295 0.1038 -19.1978 18.3941 0.0702 -19.3642 18.3941 0.1038 -19.1288 
4 18.3941 0.1038 -19.1288 18.3941 0.0702 -19.3642 21.1588 0.0702 -19.3642 21.1588 0.1038 -19.1288 
3 21.1588 0.1038 -19.1288 21.1588 0.0702 -19.3642 21.3234 0.1038 -19.1978 
3 21.3234 0.1038 -19.1978 21.1588 0.0702 -19.3642 21.3916 0.1038 -19.3642 
4 21.3916 0.1038 -19.3642 21.1588 0.0702 -19.3642 21.1588 0.0702 -20.8613 21.3916 0.1038 -20.8613 
3 21.3916 0.1038 -20.8613 21.1588 0.0702 -20.8613 21.3234 0.1038 -21.0277 
3 21.3234 0.1038 -21.0277 21.1588 0.0702 -20.8613 21.1588 0.1038 -21.0967 
4 21.1588 0.1038 -21.0967 21.1588 0.0702 -20.8613 18.3941 0.0702 -20.8613 18.3941 0.1038 -21.0967 
4 21.1588 0.0702 -20.8613 21.1588 0.0702 -19.3642 18.3941 0.0702 -19.3642 18.3941 0.0702 -20.8613 
4 -18.3886 0.5609 -19.8584 -18.3886 0.5609 -18.3613 -15.624 0.5609 -18.3613 -15.624 0.5609 -19.8584 
3 -18.3886 0.5609 -19.8584 -18.3886 0.5276 -20.0938 -18.5532 0.5276 -20.0248 
3 -18.3886 0.5609 -19.8584 -18.5532 0.5276 -20.0248 -18.6214 0.5276 -19.8584 
4 -18.3886 0.5609 -19.8584 -18.6214 0.5276 -19.8584 -18.6214 0.5276 -18.3613 -18.3886 0.5609 -18.3613 
3 -18.3886 0.5609 -18.3613 -18.6214 0.5276 -18.3613 -18.5532 0.5276 -18.1949 
3 -18.3886 0.5609 -18.3613 -18.5532 0.5276 -18.1949 -18.3886 0.5276 -18.1259 
4 -18.3886 0.5609 -18.3613 -18.3886 0.5276 -18.1259 -15.624 0.5276 -18.1259 -15.624 0.5609 -18.3613 
3 -15.624 0.5609 -18.3613 -15.624 0.5276 -18.1259 -15.4593 0.5276 -18.1949 
3 -15.624 0.5609 -18.3613 -15.4593 0.5276 -18.1949 -15.3911 0.5276 -18.3613 
4 -15.624 0.5609 -18.3613 -15.3911 0.5276 -18.3613 -15.3911 0.5276 -19.8584 -15.624 0.5609 -19.8584 
3 -15.624 0.5609 -19.8584 -15.3911 0.5276 -19.8584 -15.4593 0.5276 -20.0248 
3 -15.624 0.5609 -19.8584 -15.4593 0.5276 -20.0248 -15.624 0.5276 -20.0938 
4 -15.624 0.5609 -19.8584 -15.624 0.5276 -20.0938 -18.3886 0.5276 -20.0938 -18.3886 0.5609 -19.8584 
4 -18.3886 0.5276 -20.0938 -18.3886 0.4667 -20.1912 -18.6214 0.4667 -20.0938 -18.5532 0.5276 -20.0248 
4 -18.5532 0.5276 -20.0248 -18.6214 0.4667 -20.0938 -18.7179 0.4667 -19.8584 -18.6214 0.5276 -19.8584 
4 -18.6214 0.5276 -19.8584 -18.7179 0.4667 -19.8584 -18.7179 0.4667 -18.3613 -18.6214 0.5276 -18.3613 
4 -18.6214 0.5276 -18.3613 -18.7179 0.4667 -18.3613 -18.6214 0.4667 -18.1259 -18.5532 0.5276 -18.1949 
4 -18.5532 0.5276 -18.1949 -18.6214 0.4667 -18.1259 -18.3886 0.4667 -18.0284 -18.3886 0.5276 -18.1259 
4 -18.3886 0.5276 -18.1259 -18.3886 0.4667 -18.0284 -15.624 0.4667 -18.0284 -15.624 0.5276 -18.1259 
4 -15.624 0.5276 -18.1259 -15.624 0.4667 -18.0284 -15.3911 0.4667 -18.1259 -15.4593 0.5276 -18.1949 
4 -15.4593 0.5276 -18.1949 -15.3911 0.4667 -18.1259 -15.2947 0.4667 -18.3613 -15.3911 0.5276 -18.3613 
4 -15.3911 0.5276 -18.3613 -15.2947 0.4667 -18.3613 -15.2947 0.4667 -19.8584 -15.3911 0.5276 -19.8584 
4 -15.3911 0.5276 -19.8584 -15.2947 0.4667 -19.8584 -15.3911 0.4667 -20.0938 -15.4593 0.5276 -20.0248 
4 -15.4593 0.5276 -20.0248 -15.3911 0.4667 -20.0938 -15.624 0.4667 -20.1912 -15.624 0.5276 -20.0938 
4 -15.624 0.5276 -20.0938 -15.624 0.4667 -20.1912 -18.3886 0.4667 -20.1912 -18.3886 0.5276 -20.0938 
4 -18.3886 0.4667 -20.1912 -18.3886 0.1694 -20.1912 -18.6214 0.1694 -20.0938 -18.6214 0.4667 -20.0938 
4 -18.6214 0.4667 -20.0938 -18.6214 0.1694 -20.0938 -18.7179 0.1694 -19.8584 -18.7179 0.4667 -19.8584 
4 -18.7179 0.4667 -19.8584 -18.7179 0.1694 -19.8584 -18.7179 0.1694 -18.3613 -18.7179 0.4667 -18.3613 
4 -18.7179 0.4667 -18.3613 -18.7179 0.1694 -18.3613 -18.6214 0.1694 -18.1259 -18.6214 0.4667 -18.1259 
4 -18.6214 0.4667 -18.1259 -18.6214 0.1694 -18.1259 -18.3886 0.1694 -18.0284 -18.3886 0.4667 -18.0284 
4 -18.3886 0.4667 -18.0284 -18.3886 0.1694 -18.0284 -15.624 0.1694 -18.0284 -15.624 0.4667 -18.0284 
4 -15.624 0.4667 -18.0284 -15.624 0.1694 -18.0284 -15.3911 0.1694 -18.1259 -15.3911 0.4667 -18.1259 
4 -15.3911 0.4667 -18.1259 -15.3911 0.1694 -18.1259 -15.2947 0.1694 -18.3613 -15.2947 0.4667 -18.3613 
4 -15.2947 0.4667 -18.3613 -15.2947 0.1694 -18.3613 -15.2947 0.1694 -19.8584 -15.2947 0.4667 -19.8584 
4 -15.2947 0.4667 -19.8584 -15.2947 0.1694 -19.8584 -15.3911 0.1694 -20.0938 -15.3911 0.4667 -20.0938 
4 -15.3911 0.4667 -20.0938 -15.3911 0.1694 -20.0938 -15.624 0.1694 -20.1912 -15.624 0.4667 -20.1912 
4 -15.624 0.4667 -20.1912 -15.624 0.1694 -20.1912 -18.3886 0.1694 -20.1912 -18.3886 0.4667 -20.1912 
4 -18.3886 0.1694 -20.1912 -18.3886 0.1038 -20.0938 -18.5532 0.1038 -20.0248 -18.6214 0.1694 -20.0938 
4 -18.6214 0.1694 -20.0938 -18.5532 0.1038 -20.0248 -18.6214 0.1038 -19.8584 -18.7179 0.1694 -19.8584 
4 -18.7179 0.1694 -19.8584 -18.6214 0.1038 -19.8584 -18.6214 0.1038 -18.3613 -18.7179 0.1694 -18.3613 
4 -18.7179 0.1694 -18.3613 -18.6214 0.1038 -18.3613 -18.5532 0.1038 -18.1949 -18.6214 0.1694 -18.1259 
4 -18.6214 0.1694 -18.1259 -18.5532 0.1038 -18.1949 -18.3886 0.1038 -18.1259 -18.3886 0.1694 -18.0284 
4 -18.3886 0.1694 -18.0284 -18.3886 0.1038 -18.1259 -15.624 0.1038 -18.1259 -15.624 0.1694 -18.0284 
4 -15.624 0.1694 -18.0284 -15.624 0.1038 -18.1259 -15.4593 0.1038 -18.1949 -15.3911 0.1694 -18.1259 
4 -15.3911 0.1694 -18.1259 -15.4593 0.1038 -18.1949 -15.3911 0.1038 -18.3613 -15.2947 0.1694 -18.3613 
4 -15.2947 0.1694 -18.3613 -15.3911 0.1038 -18.3613 -15.3911 0.1038 -19.8584 -15.2947 0.1694 -19.8584 
4 -15.2947 0.1694 -19.8584 -15.3911 0.1038 -19.8584 -15.4593 0.1038 -20.0248 -15.3911 0.1694 -20.0938 
4 -15.3911 0.1694 -20.0938 -15.4593 0.1038 -20.0248 -15.624 0.1038 -20.0938 -15.624 0.1694 -20.1912 
4 -15.624 0.1694 -20.1912 -15.624 0.1038 -20.0938 -18.3886 0.1038 -20.0938 -18.3886 0.1694 -20.1912 
3 -18.3886 0.1038 -20.0938 -18.3886 0.0702 -19.8584 -18.5532 0.1038 -20.0248 
3 -18.5532 0.1038 -20.0248 -18.3886 0.0702 -19.8584 -18.6214 0.1038 -19.8584 
4 -18.6214 0.1038 -19.8584 -18.3886 0.0702 -19.8584 -18.3886 0.0702 -18.3613 -18.6214 0.1038 -18.3613 
3 -18.6214 0.1038 -18.3613 -18.3886 0.0702 -18.3613 -18.5532 0.1038 -18.1949 
3 -18.5532 0.1038 -18.1949 -18.3886 0.0702 -18.3613 -18.3886 0.1038 -18.1259 
4 -18.3886 0.1038 -18.1259 -18.3886 0.0702 -18.3613 -15.624 0.0702 -18.3613 -15.624 0.1038 -18.1259 
3 -15.624 0.1038 -18.1259 -15.624 0.0702 -18.3613 -15.4593 0.1038 -18.1949 
3 -15.4593 0.1038 -18.1949 -15.624 0.0702 -18.3613 -15.3911 0.1038 -18.3613 
4 -15.3911 0.1038 -18.3613 -15.624 0.0702 -18.3613 -15.624 0.0702 -19.8584 -15.3911 0.1038 -19.8584 
3 -15.3911 0.1038 -19.8584 -15.624 0.0702 -19.8584 -15.4593 0.1038 -20.0248 
3 -15.4593 0.1038 -20.0248 -15.624 0.0702 -19.8584 -15.624 0.1038 -20.0938 
4 -15.624 0.1038 -20.0938 -15.624 0.0702 -19.8584 -18.3886 0.0702 -19.8584 -18.3886 0.1038 -20.0938 
4 -15.624 0.0702 -19.8584 -15.624 0.0702 -18.3613 -18.3886 0.0702 -18.3613 -18.3886 0.0702 -19.8584 
4 -18.3886 0.5609 18.7798 -18.3886 0.5609 20.277 -15.624 0.5609 20.277 -15.624 0.5609 18.7798 
3 -18.3886 0.5609 18.7798 -18.3886 0.5276 18.5445 -18.5532 0.5276 18.6134 
3 -18.3886 0.5609 18.7798 -18.5532 0.5276 18.6134 -18.6214 0.5276 18.7798 
4 -18.3886 0.5609 18.7798 -18.6214 0.5276 18.7798 -18.6214 0.5276 20.277 -18.3886 0.5609 20.277 
3 -18.3886 0.5609 20.277 -18.6214 0.5276 20.277 -18.5532 0.5276 20.4434 
3 -18.3886 0.5609 20.277 -18.5532 0.5276 20.4434 -18.3886 0.5276 20.5123 
4 -18.3886 0.5609 20.277 -18.3886 0.5276 20.5123 -15.624 0.5276 20.5123 -15.624 0.5609 20.277 
3 -15.624 0.5609 20.277 -15.624 0.5276 20.5123 -15.4593 0.5276 20.4434 
3 -15.624 0.5609 20.277 -15.4593 0.5276 20.4434 -15.3911 0.5276 20.277 
4 -15.624 0.5609 20.277 -15.3911 0.5276 20.277 -15.3911 0.5276 18.7798 -15.624 0.5609 18.7798 
3 -15.624 0.5609 18.7798 -15.3911 0.5276 18.7798 -15.4593 0.5276 18.6134 
3 -15.624 0.5609 18.7798 -15.4593 0.5276 18.6134 -15.624 0.5276 18.5445 
4 -15.624 0.5609 18.7798 -15.624 0.5276 18.5445 -18.3886 0.5276 18.5445 -18.3886 0.5609 18.7798 
4 -18.3886 0.5276 18.5445 -18.3886 0.4667 18.447 -18.6214 0.4667 18.5445 -18.5532 0.5276 18.6134 
4 -18.5532 0.5276 18.6134 -18.6214 0.4667 18.5445 -18.7179 0.4667 18.7798 -18.6214 0.5276 18.7798 
4 -18.6214 0.5276 18.7798 -18.7179 0.4667 18.7798 -18.7179 0.4667 20.277 -18.6214 0.5276 20.277 
4 -18.6214 0.5276 20.277 -18.7179 0.4667 20.277 -18.6214 0.4667 20.5123 -18.5532 0.5276 20.4434 
4 -18.5532 0.5276 20.4434 -18.6214 0.4667 20.5123 -18.3886 0.4667 20.6098 -18.3886 0.5276 20.5123 
4 -18.3886 0.5276 20.5123 -18.3886 0.4667 20.6098 -15.624 0.4667 20.6098 -15.624 0.5276 20.5123 
4 -15.624 0.5276 20.5123 -15.624 0.4667 20.6098 -15.3911 0.4667 20.5123 -15.4593 0.5276 20.4434 
4 -15.4593 0.5276 20.4434 -15.3911 0.4667 20.5123 -15.2947 0.4667 20.277 -15.3911 0.5276 20.277 
4 -15.3911 0.5276 20.277 -15.2947 0.4667 20.277 -15.2947 0.4667 18.7798 -15.3911 0.5276 18.7798 
4 -15.3911 0.5276 18.7798 -15.2947 0.4667 18.7798 -15.3911 0.4667 18.5445 -15.4593 0.5276 18.6134 
4 -15.4593 0.5276 18.6134 -15.3911 0.4667 18.5445 -15.624 0.4667 18.447 -15.624 0.5276 18.5445 
4 -15.624 0.5276 18.5445 -15.624 0.4667 18.447 -18.3886 0.4667 18.447 -18.3886 0.5276 18.5445 
4 -18.3886 0.4667 18.447 -18.3886 0.1694 18.447 -18.6214 0.1694 18.5445 -18.6214 0.4667 18.5445 
4 -18.6214 0.4667 18.5445 -18.6214 0.1694 18.5445 -18.7179 0.1694 18.7798 -18.7179 0.4667 18.7798 
4 -18.7179 0.4667 18.7798 -18.7179 0.1694 18.7798 -18.7179 0.1694 20.277 -18.7179 0.4667 20.277 
4 -18.7179 0.4667 20.277 -18.7179 0.1694 20.277 -18.6214 0.1694 20.5123 -18.6214 0.4667 20.5123 
4 -18.6214 0.4667 20.5123 -18.6214 0.1694 20.5123 -18.3886 0.1694 20.6098 -18.3886 0.4667 20.6098 
4 -18.3886 0.4667 20.6098 -18.3886 0.1694 20.6098 -15.624 0.1694 20.6098 -15.624 0.4667 20.6098 
4 -15.624 0.4667 20.6098 -15.624 0.1694 20.6098 -15.3911 0.1694 20.5123 -15.3911 0.4667 20.5123 
4 -15.3911 0.4667 20.5123 -15.3911 0.1694 20.5123 -15.2947 0.1694 20.277 -15.2947 0.4667 20.277 
4 -15.2947 0.4667 20.277 -15.2947 0.1694 20.277 -15.2947 0.1694 18.7798 -15.2947 0.4667 18.7798 
4 -15.2947 0.4667 18.7798 -15.2947 0.1694 18.7798 -15.3911 0.1694 18.5445 -15.3911 0.4667 18.5445 
4 -15.3911 0.4667 18.5445 -15.3911 0.1694 18.5445 -15.624 0.1694 18.447 -15.624 0.4667 18.447 
4 -15.624 0.4667 18.447 -15.624 0.1694 18.447 -18.3886 0.1694 18.447 -18.3886 0.4667 18.447 
4 -18.3886 0.1694 18.447 -18.3886 0.1038 18.5445 -18.5532 0.1038 18.6134 -18.6214 0.1694 18.5445 
4 -18.6214 0.1694 18.5445 -18.5532 0.1038 18.6134 -18.6214 0.1038 18.7798 -18.7179 0.1694 18.7798 
4 -18.7179 0.1694 18.7798 -18.6214 0.1038 18.7798 -18.6214 0.1038 20.277 -18.7179 0.1694 20.277 
4 -18.7179 0.1694 20.277 -18.6214 0.1038 20.277 -18.5532 0.1038 20.4434 -18.6214 0.1694 20.5123 
4 -18.6214 0.1694 20.5123 -18.5532 0.1038 20.4434 -18.3886 0.1038 20.5123 -18.3886 0.1694 20.6098 
4 -18.3886 0.1694 20.6098 -18.3886 0.1038 20.5123 -15.624 0.1038 20.5123 -15.624 0.1694 20.6098 
4 -15.624 0.1694 20.6098 -15.624 0.1038 20.5123 -15.4593 0.1038 20.4434 -15.3911 0.1694 20.5123 
4 -15.3911 0.1694 20.5123 -15.4593 0.1038 20.4434 -15.3911 0.1038 20.277 -15.2947 0.1694 20.277 
4 -15.2947 0.1694 20.277 -15.3911 0.1038 20.277 -15.3911 0.1038 18.7798 -15.2947 0.1694 18.7798 
4 -15.2947 0.1694 18.7798 -15.3911 0.1038 18.7798 -15.4593 0.1038 18.6134 -15.3911 0.1694 18.5445 
4 -15.3911 0.1694 18.5445 -15.4593 0.1038 18.6134 -15.624 0.1038 18.5445 -15.624 0.1694 18.447 
4 -15.624 0.1694 18.447 -15.624 0.1038 18.5445 -18.3886 0.1038 18.5445 -18.3886 0.1694 18.447 
3 -18.3886 0.1038 18.5445 -18.3886 0.0702 18.7798 -18.5532 0.1038 18.6134 
3 -18.5532 0.1038 18.6134 -18.3886 0.0702 18.7798 -18.6214 0.1038 18.7798 
4 -18.6214 0.1038 18.7798 -18.3886 0.0702 18.7798 -18.3886 0.0702 20.277 -18.6214 0.1038 20.277 
3 -18.6214 0.1038 20.277 -18.3886 0.0702 20.277 -18.5532 0.1038 20.4434 
3 -18.5532 0.1038 20.4434 -18.3886 0.0702 20.277 -18.3886 0.1038 20.5123 
4 -18.3886 0.1038 20.5123 -18.3886 0.0702 20.277 -15.624 0.0702 20.277 -15.624 0.1038 20.5123 
3 -15.624 0.1038 20.5123 -15.624 0.0702 20.277 -15.4593 0.1038 20.4434 
3 -15.4593 0.1038 20.4434 -15.624 0.0702 20.277 -15.3911 0.1038 20.277 
4 -15.3911 0.1038 20.277 -15.624 0.0702 20.277 -15.624 0.0702 18.7798 -15.3911 0.1038 18.7798 
3 -15.3911 0.1038 18.7798 -15.624 0.0702 18.7798 -15.4593 0.1038 18.6134 
3 -15.4593 0.1038 18.6134 -15.624 0.0702 18.7798 -15.624 0.1038 18.5445 
4 -15.624 0.1038 18.5445 -15.624 0.0702 18.7798 -18.3886 0.0702 18.7798 -18.3886 0.1038 18.5445 
4 -15.624 0.0702 18.7798 -15.624 0.0702 20.277 -18.3886 0.0702 20.277 -18.3886 0.0702 18.7798 
4 18.3941 0.5609 19.619 18.3941 0.5609 21.1161 21.1588 0.5609 21.1161 21.1588 0.5609 19.619 
3 18.3941 0.5609 19.619 18.3941 0.5276 19.3837 18.2295 0.5276 19.4526 
3 18.3941 0.5609 19.619 18.2295 0.5276 19.4526 18.1613 0.5276 19.619 
4 18.3941 0.5609 19.619 18.1613 0.5276 19.619 18.1613 0.5276 21.1161 18.3941 0.5609 21.1161 
3 18.3941 0.5609 21.1161 18.1613 0.5276 21.1161 18.2295 0.5276 21.2825 
3 18.3941 0.5609 21.1161 18.2295 0.5276 21.2825 18.3941 0.5276 21.3515 
4 18.3941 0.5609 21.1161 18.3941 0.5276 21.3515 21.1588 0.5276 21.3515 21.1588 0.5609 21.1161 
3 21.1588 0.5609 21.1161 21.1588 0.5276 21.3515 21.3234 0.5276 21.2825 
3 21.1588 0.5609 21.1161 21.3234 0.5276 21.2825 21.3916 0.5276 21.1161 
4 21.1588 0.5609 21.1161 21.3916 0.5276 21.1161 21.3916 0.5276 19.619 21.1588 0.5609 19.619 
3 21.1588 0.5609 19.619 21.3916 0.5276 19.619 21.3234 0.5276 19.4526 
3 21.1588 0.5609 19.619 21.3234 0.5276 19.4526 21.1588 0.5276 19.3837 
4 21.1588 0.5609 19.619 21.1588 0.5276 19.3837 18.3941 0.5276 19.3837 18.3941 0.5609 19.619 
4 18.3941 0.5276 19.3837 18.3941 0.4667 19.2862 18.1613 0.4667 19.3837 18.2295 0.5276 19.4526 
4 18.2295 0.5276 19.4526 18.1613 0.4667 19.3837 18.0649 0.4667 19.619 18.1613 0.5276 19.619 
4 18.1613 0.5276 19.619 18.0649 0.4667 19.619 18.0649 0.4667 21.1161 18.1613 0.5276 21.1161 
4 18.1613 0.5276 21.1161 18.0649 0.4667 21.1161 18.1613 0.4667 21.3515 18.2295 0.5276 21.2825 
4 18.2295 0.5276 21.2825 18.1613 0.4667 21.3515 18.3941 0.4667 21.449 18.3941 0.5276 21.3515 
4 18.3941 0.5276 21.3515 18.3941 0.4667 21.449 21.1588 0.4667 21.449 21.1588 0.5276 21.3515 
4 21.1588 0.5276 21.3515 21.1588 0.4667 21.449 21.3916 0.4667 21.3515 21.3234 0.5276 21.2825 
4 21.3234 0.5276 21.2825 21.3916 0.4667 21.3515 21.488 0.4667 21.1161 21.3916 0.5276 21.1161 
4 21.3916 0.5276 21.1161 21.488 0.4667 21.1161 21.488 0.4667 19.619 21.3916 0.5276 19.619 
4 21.3916 0.5276 19.619 21.488 0.4667 19.619 21.3916 0.4667 19.3837 21.3234 0.5276 19.4526 
4 21.3234 0.5276 19.4526 21.3916 0.4667 19.3837 21.1588 0.4667 19.2862 21.1588 0.5276 19.3837 
4 21.1588 0.5276 19.3837 21.1588 0.4667 19.2862 18.3941 0.4667 19.2862 18.3941 0.5276 19.3837 
4 18.3941 0.4667 19.2862 18.3941 0.1694 19.2862 18.1613 0.1694 19.3837 18.1613 0.4667 19.3837 
4 18.1613 0.4667 19.3837 18.1613 0.1694 19.3837 18.0649 0.1694 19.619 18.0649 0.4667 19.619 
4 18.0649 0.4667 19.619 18.0649 0.1694 19.619 18.0649 0.1694 21.1161 18.0649 0.4667 21.1161 
4 18.0649 0.4667 21.1161 18.0649 0.1694 21.1161 18.1613 0.1694 21.3515 18.1613 0.4667 21.3515 
4 18.1613 0.4667 21.3515 18.1613 0.1694 21.3515 18.3941 0.1694 21.449 18.3941 0.4667 21.449 
4 18.3941 0.4667 21.449 18.3941 0.1694 21.449 21.1588 0.1694 21.449 21.1588 0.4667 21.449 
4 21.1588 0.4667 21.449 21.1588 0.1694 21.449 21.3916 0.1694 21.3515 21.3916 0.4667 21.3515 
4 21.3916 0.4667 21.3515 21.3916 0.1694 21.3515 21.488 0.1694 21.1161 21.488 0.4667 21.1161 
4 21.488 0.4667 21.1161 21.488 0.1694 21.1161 21.488 0.1694 19.619 21.488 0.4667 19.619 
4 21.488 0.4667 19.619 21.488 0.1694 19.619 21.3916 0.1694 19.3837 21.3916 0.4667 19.3837 
4 21.3916 0.4667 19.3837 21.3916 0.1694 19.3837 21.1588 0.1694 19.2862 21.1588 0.4667 19.2862 
4 21.1588 0.4667 19.2862 21.1588 0.1694 19.2862 18.3941 0.1694 19.2862 18.3941 0.4667 19.2862 
4 18.3941 0.1694 19.2862 18.3941 0.1038 19.3837 18.2295 0.1038 19.4526 18.1613 0.1694 19.3837 
4 18.1613 0.1694 19.3837 18.2295 0.1038 19.4526 18.1613 0.1038 19.619 18.0649 0.1694 19.619 
4 18.0649 0.1694 19.619 18.1613 0.1038 19.619 18.1613 0.1038 21.1161 18.0649 0.1694 21.1161 
4 18.0649 0.1694 21.1161 18.1613 0.1038 21.1161 18.2295 0.1038 21.2826 18.1613 0.1694 21.3515 
4 18.1613 0.1694 21.3515 18.2295 0.1038 21.2826 18.3941 0.1038 21.3515 18.3941 0.1694 21.449 
4 18.3941 0.1694 21.449 18.3941 0.1038 21.3515 21.1588 0.1038 21.3515 21.1588 0.1694 21.449 
4 21.1588 0.1694 21.449 21.1588 0.1038 21.3515 21.3234 0.1038 21.2826 21.3916 0.1694 21.3515 
4 21.3916 0.1694 21.3515 21.3234 0.1038 21.2826 21.3916 0.1038 21.1161 21.488 0.1694 21.1161 
4 21.488 0.1694 21.1161 21.3916 0.1038 21.1161 21.3916 0.1038 19.619 21.488 0.1694 19.619 
4 21.488 0.1694 19.619 21.3916 0.1038 19.619 21.3234 0.1038 19.4526 21.3916 0.1694 19.3837 
4 21.3916 0.1694 19.3837 21.3234 0.1038 19.4526 21.1588 0.1038 19.3837 21.1588 0.1694 19.2862 
4 21.1588 0.1694 19.2862 21.1588 0.1038 19.3837 18.3941 0.1038 19.3837 18.3941 0.1694 19.2862 
3 18.3941 0.1038 19.3837 18.3941 0.0702 19.619 18.2295 0.1038 19.4526 
3 18.2295 0.1038 19.4526 18.3941 0.0702 19.619 18.1613 0.1038 19.619 
4 18.1613 0.1038 19.619 18.3941 0.0702 19.619 18.3941 0.0702 21.1161 18.1613 0.1038 21.1161 
3 18.1613 0.1038 21.1161 18.3941 0.0702 21.1161 18.2295 0.1038 21.2826 
3 18.2295 0.1038 21.2826 18.3941 0.0702 21.1161 18.3941 0.1038 21.3515 
4 18.3941 0.1038 21.3515 18.3941 0.0702 21.1161 21.1588 0.0702 21.1161 21.1588 0.1038 21.3515 
3 21.1588 0.1038 21.3515 21.1588 0.0702 21.1161 21.3234 0.1038 21.2826 
3 21.3234 0.1038 21.2826 21.1588 0.0702 21.1161 21.3916 0.1038 21.1161 
4 21.3916 0.1038 21.1161 21.1588 0.0702 21.1161 21.1588 0.0702 19.619 21.3916 0.1038 19.619 
3 21.3916 0.1038 19.619 21.1588 0.0702 19.619 21.3234 0.1038 19.4526 
3 21.3234 0.1038 19.4526 21.1588 0.0702 19.619 21.1588 0.1038 19.3837 
4 21.1588 0.1038 19.3837 21.1588 0.0702 19.619 18.3941 0.0702 19.619 18.3941 0.1038 19.3837 
4 21.1588 0.0702 19.619 21.1588 0.0702 21.1161 18.3941 0.0702 21.1161 18.3941 0.0702 19.619 
