169
4 1.1609 -19.7413 0.27787 1.20143 -19.7413 -0.0300203 1.20143 -19.3413 -0.0300203 1.1609 -19.3413 0.27787 
4 1.04205 -19.7413 0.564778 1.1609 -19.7413 0.27787 1.1609 -19.3413 0.27787 1.04205 -19.3413 0.564778 
4 0.853005 -19.7413 0.811152 1.04205 -19.7413 0.564778 1.04205 -19.3413 0.564778 0.853005 -19.3413 0.811152 
4 0.606631 -19.7413 1.0002 0.853005 -19.7413 0.811152 0.853005 -19.3413 0.811152 0.606631 -19.3413 1.0002 
4 0.319723 -19.7413 1.11904 0.606631 -19.7413 1.0002 0.606631 -19.3413 1.0002 0.319723 -19.3413 1.11904 
4 0.0118325 -19.7413 1.15958 0.319723 -19.7413 1.11904 0.319723 -19.3413 1.11904 0.0118325 -19.3413 1.15958 
4 -0.296058 -19.3413 1.11904 -0.296058 -19.7413 1.11904 0.0118325 -19.7413 1.15958 0.0118325 -19.3413 1.15958 
4 -0.582966 -19.3413 1.0002 -0.582966 -19.7413 1.0002 -0.296058 -19.7413 1.11904 -0.296058 -19.3413 1.11904 
4 -0.82934 -19.3413 0.811152 -0.82934 -19.7413 0.811152 -0.582966 -19.7413 1.0002 -0.582966 -19.3413 1.0002 
4 -1.01839 -19.3413 0.564778 -1.01839 -19.7413 0.564778 -0.82934 -19.7413 0.811152 -0.82934 -19.3413 0.811152 
4 -1.13723 -19.3413 0.27787 -1.13723 -19.7413 0.27787 -1.01839 -19.7413 0.564778 -1.01839 -19.3413 0.564778 
4 -1.17777 -19.3413 -0.0300203 -1.17777 -19.7413 -0.0300203 -1.13723 -19.7413 0.27787 -1.13723 -19.3413 0.27787 
4 -1.13723 -19.3413 -0.337911 -1.13723 -19.7413 -0.337911 -1.17777 -19.7413 -0.0300203 -1.17777 -19.3413 -0.0300203 
4 -1.01839 -19.3413 -0.624819 -1.01839 -19.7413 -0.624819 -1.13723 -19.7413 -0.337911 -1.13723 -19.3413 -0.337911 
4 -0.82934 -19.3413 -0.871193 -0.82934 -19.7413 -0.871193 -1.01839 -19.7413 -0.624819 -1.01839 -19.3413 -0.624819 
4 -0.582966 -19.3413 -1.06024 -0.582966 -19.7413 -1.06024 -0.82934 -19.7413 -0.871193 -0.82934 -19.3413 -0.871193 
4 -0.296058 -19.3413 -1.17908 -0.296058 -19.7413 -1.17908 -0.582966 -19.7413 -1.06024 -0.582966 -19.3413 -1.06024 
4 0.0118325 -19.3413 -1.21962 0.0118325 -19.7413 -1.21962 -0.296058 -19.7413 -1.17908 -0.296058 -19.3413 -1.17908 
4 0.319723 -19.7413 -1.17908 0.0118325 -19.7413 -1.21962 0.0118325 -19.3413 -1.21962 0.319723 -19.3413 -1.17908 
4 0.606631 -19.7413 -1.06024 0.319723 -19.7413 -1.17908 0.319723 -19.3413 -1.17908 0.606631 -19.3413 -1.06024 
4 0.853005 -19.7413 -0.871193 0.606631 -19.7413 -1.06024 0.606631 -19.3413 -1.06024 0.853005 -19.3413 -0.871193 
4 1.04205 -19.7413 -0.624819 0.853005 -19.7413 -0.871193 0.853005 -19.3413 -0.871193 1.04205 -19.3413 -0.624819 
4 1.1609 -19.7413 -0.337911 1.04205 -19.7413 -0.624819 1.04205 -19.3413 -0.624819 1.1609 -19.3413 -0.337911 
4 1.20143 -19.7413 -0.0300203 1.1609 -19.7413 -0.337911 1.1609 -19.3413 -0.337911 1.20143 -19.3413 -0.0300203 
4 1.51653 -19.7413 0.384449 1.5685 -19.7413 -0.0102825 1.20143 -19.7413 -0.0300203 1.1609 -19.7413 0.27787 
4 1.36417 -19.7413 0.75228 1.51653 -19.7413 0.384449 1.1609 -19.7413 0.27787 1.04205 -19.7413 0.564778 
4 1.1218 -19.7413 1.06814 1.36417 -19.7413 0.75228 1.04205 -19.7413 0.564778 0.853005 -19.7413 0.811152 
4 0.805937 -19.7413 1.31051 1.1218 -19.7413 1.06814 0.853005 -19.7413 0.811152 0.606631 -19.7413 1.0002 
4 0.438106 -19.7413 1.46288 0.805937 -19.7413 1.31051 0.606631 -19.7413 1.0002 0.319723 -19.7413 1.11904 
4 0.043375 -19.7413 1.51484 0.438106 -19.7413 1.46288 0.319723 -19.7413 1.11904 0.0118325 -19.7413 1.15958 
4 -0.296058 -19.7413 1.11904 -0.351356 -19.7413 1.46288 0.043375 -19.7413 1.51484 0.0118325 -19.7413 1.15958 
4 -0.582966 -19.7413 1.0002 -0.719187 -19.7413 1.31051 -0.351356 -19.7413 1.46288 -0.296058 -19.7413 1.11904 
4 -0.82934 -19.7413 0.811152 -1.03505 -19.7413 1.06814 -0.719187 -19.7413 1.31051 -0.582966 -19.7413 1.0002 
4 -1.01839 -19.7413 0.564778 -1.27742 -19.7413 0.75228 -1.03505 -19.7413 1.06814 -0.82934 -19.7413 0.811152 
4 -1.13723 -19.7413 0.27787 -1.42978 -19.7413 0.384449 -1.27742 -19.7413 0.75228 -1.01839 -19.7413 0.564778 
4 -1.17777 -19.7413 -0.0300203 -1.48175 -19.7413 -0.0102825 -1.42978 -19.7413 0.384449 -1.13723 -19.7413 0.27787 
4 -1.13723 -19.7413 -0.337911 -1.42978 -19.7413 -0.405014 -1.48175 -19.7413 -0.0102825 -1.17777 -19.7413 -0.0300203 
4 -1.01839 -19.7413 -0.624819 -1.27742 -19.7413 -0.772845 -1.42978 -19.7413 -0.405014 -1.13723 -19.7413 -0.337911 
4 -0.82934 -19.7413 -0.871193 -1.03505 -19.7413 -1.08871 -1.27742 -19.7413 -0.772845 -1.01839 -19.7413 -0.624819 
4 -0.582966 -19.7413 -1.06024 -0.719187 -19.7413 -1.33108 -1.03505 -19.7413 -1.08871 -0.82934 -19.7413 -0.871193 
4 -0.296058 -19.7413 -1.17908 -0.351356 -19.7413 -1.48344 -0.719187 -19.7413 -1.33108 -0.582966 -19.7413 -1.06024 
4 0.0118325 -19.7413 -1.21962 0.043375 -19.7413 -1.53541 -0.351356 -19.7413 -1.48344 -0.296058 -19.7413 -1.17908 
4 0.438106 -19.7413 -1.48344 0.043375 -19.7413 -1.53541 0.0118325 -19.7413 -1.21962 0.319723 -19.7413 -1.17908 
4 0.805937 -19.7413 -1.33108 0.438106 -19.7413 -1.48344 0.319723 -19.7413 -1.17908 0.606631 -19.7413 -1.06024 
4 1.1218 -19.7413 -1.08871 0.805937 -19.7413 -1.33108 0.606631 -19.7413 -1.06024 0.853005 -19.7413 -0.871193 
4 1.36417 -19.7413 -0.772845 1.1218 -19.7413 -1.08871 0.853005 -19.7413 -0.871193 1.04205 -19.7413 -0.624819 
4 1.51653 -19.7413 -0.405014 1.36417 -19.7413 -0.772845 1.04205 -19.7413 -0.624819 1.1609 -19.7413 -0.337911 
4 1.5685 -19.7413 -0.0102825 1.51653 -19.7413 -0.405014 1.1609 -19.7413 -0.337911 1.20143 -19.7413 -0.0300203 
4 1.98871 -19.3413 0.512599 2.058 -19.3413 -0.0137099 1.5685 -19.7413 -0.0102825 1.51653 -19.7413 0.384449 
4 1.78556 -19.3413 1.00304 1.98871 -19.3413 0.512599 1.51653 -19.7413 0.384449 1.36417 -19.7413 0.75228 
4 1.4624 -19.3413 1.42419 1.78556 -19.3413 1.00304 1.36417 -19.7413 0.75228 1.1218 -19.7413 1.06814 
4 1.04125 -19.3413 1.74735 1.4624 -19.3413 1.42419 1.1218 -19.7413 1.06814 0.805937 -19.7413 1.31051 
4 0.550808 -19.3413 1.9505 1.04125 -19.3413 1.74735 0.805937 -19.7413 1.31051 0.438106 -19.7413 1.46288 
4 0.0245 -19.3413 2.01979 0.550808 -19.3413 1.9505 0.438106 -19.7413 1.46288 0.043375 -19.7413 1.51484 
4 -0.351356 -19.7413 1.46288 -0.501809 -19.3413 1.9505 0.0245 -19.3413 2.01979 0.043375 -19.7413 1.51484 
4 -0.719187 -19.7413 1.31051 -0.99225 -19.3413 1.74735 -0.501809 -19.3413 1.9505 -0.351356 -19.7413 1.46288 
4 -1.03505 -19.7413 1.06814 -1.4134 -19.3413 1.42419 -0.99225 -19.3413 1.74735 -0.719187 -19.7413 1.31051 
4 -1.27742 -19.7413 0.75228 -1.73656 -19.3413 1.00304 -1.4134 -19.3413 1.42419 -1.03505 -19.7413 1.06814 
4 -1.42978 -19.7413 0.384449 -1.93971 -19.3413 0.512599 -1.73656 -19.3413 1.00304 -1.27742 -19.7413 0.75228 
4 -1.48175 -19.7413 -0.0102825 -2.009 -19.3413 -0.0137099 -1.93971 -19.3413 0.512599 -1.42978 -19.7413 0.384449 
4 -1.42978 -19.7413 -0.405014 -1.93971 -19.3413 -0.540018 -2.009 -19.3413 -0.0137099 -1.48175 -19.7413 -0.0102825 
4 -1.27742 -19.7413 -0.772845 -1.73656 -19.3413 -1.03046 -1.93971 -19.3413 -0.540018 -1.42978 -19.7413 -0.405014 
4 -1.03505 -19.7413 -1.08871 -1.4134 -19.3413 -1.45161 -1.73656 -19.3413 -1.03046 -1.27742 -19.7413 -0.772845 
4 -0.719187 -19.7413 -1.33108 -0.99225 -19.3413 -1.77477 -1.4134 -19.3413 -1.45161 -1.03505 -19.7413 -1.08871 
4 -0.351356 -19.7413 -1.48344 -0.501809 -19.3413 -1.97792 -0.99225 -19.3413 -1.77477 -0.719187 -19.7413 -1.33108 
4 0.043375 -19.7413 -1.53541 0.0245 -19.3413 -2.04721 -0.501809 -19.3413 -1.97792 -0.351356 -19.7413 -1.48344 
4 0.550808 -19.3413 -1.97792 0.0245 -19.3413 -2.04721 0.043375 -19.7413 -1.53541 0.438106 -19.7413 -1.48344 
4 1.04125 -19.3413 -1.77477 0.550808 -19.3413 -1.97792 0.438106 -19.7413 -1.48344 0.805937 -19.7413 -1.33108 
4 1.4624 -19.3413 -1.45161 1.04125 -19.3413 -1.77477 0.805937 -19.7413 -1.33108 1.1218 -19.7413 -1.08871 
4 1.78556 -19.3413 -1.03046 1.4624 -19.3413 -1.45161 1.1218 -19.7413 -1.08871 1.36417 -19.7413 -0.772845 
4 1.98871 -19.3413 -0.540018 1.78556 -19.3413 -1.03046 1.36417 -19.7413 -0.772845 1.51653 -19.7413 -0.405014 
4 2.058 -19.3413 -0.0137099 1.98871 -19.3413 -0.540018 1.51653 -19.7413 -0.405014 1.5685 -19.7413 -0.0102825 
4 1.98871 7.31873 0.512599 2.058 7.31873 -0.0137099 2.058 -19.3413 -0.0137099 1.98871 -19.3413 0.512599 
4 1.78556 7.31873 1.00304 1.98871 7.31873 0.512599 1.98871 -19.3413 0.512599 1.78556 -19.3413 1.00304 
4 1.4624 7.31873 1.42419 1.78556 7.31873 1.00304 1.78556 -19.3413 1.00304 1.4624 -19.3413 1.42419 
4 1.04125 7.31873 1.74735 1.4624 7.31873 1.42419 1.4624 -19.3413 1.42419 1.04125 -19.3413 1.74735 
4 0.550808 7.31873 1.9505 1.04125 7.31873 1.74735 1.04125 -19.3413 1.74735 0.550808 -19.3413 1.9505 
4 0.0245 7.31873 2.01979 0.550808 7.31873 1.9505 0.550808 -19.3413 1.9505 0.0245 -19.3413 2.01979 
4 -0.501809 -19.3413 1.9505 -0.501809 7.31873 1.9505 0.0245 7.31873 2.01979 0.0245 -19.3413 2.01979 
4 -0.99225 -19.3413 1.74735 -0.99225 7.31873 1.74735 -0.501809 7.31873 1.9505 -0.501809 -19.3413 1.9505 
4 -1.4134 -19.3413 1.42419 -1.4134 7.31873 1.42419 -0.99225 7.31873 1.74735 -0.99225 -19.3413 1.74735 
4 -1.73656 -19.3413 1.00304 -1.73656 7.31873 1.00304 -1.4134 7.31873 1.42419 -1.4134 -19.3413 1.42419 
4 -1.93971 -19.3413 0.512599 -1.93971 7.31873 0.512599 -1.73656 7.31873 1.00304 -1.73656 -19.3413 1.00304 
4 -2.009 -19.3413 -0.0137099 -2.009 7.31873 -0.0137099 -1.93971 7.31873 0.512599 -1.93971 -19.3413 0.512599 
4 -1.93971 -19.3413 -0.540018 -1.93971 7.31873 -0.540018 -2.009 7.31873 -0.0137099 -2.009 -19.3413 -0.0137099 
4 -1.73656 -19.3413 -1.03046 -1.73656 7.31873 -1.03046 -1.93971 7.31873 -0.540018 -1.93971 -19.3413 -0.540018 
4 -1.4134 -19.3413 -1.45161 -1.4134 7.31873 -1.45161 -1.73656 7.31873 -1.03046 -1.73656 -19.3413 -1.03046 
4 -0.99225 -19.3413 -1.77477 -0.99225 7.31873 -1.77477 -1.4134 7.31873 -1.45161 -1.4134 -19.3413 -1.45161 
4 -0.501809 -19.3413 -1.97792 -0.501809 7.31873 -1.97792 -0.99225 7.31873 -1.77477 -0.99225 -19.3413 -1.77477 
4 0.0245 -19.3413 -2.04721 0.0245 7.31873 -2.04721 -0.501809 7.31873 -1.97792 -0.501809 -19.3413 -1.97792 
4 0.550808 7.31873 -1.97792 0.0245 7.31873 -2.04721 0.0245 -19.3413 -2.04721 0.550808 -19.3413 -1.97792 
4 1.04125 7.31873 -1.77477 0.550808 7.31873 -1.97792 0.550808 -19.3413 -1.97792 1.04125 -19.3413 -1.77477 
4 1.4624 7.31873 -1.45161 1.04125 7.31873 -1.77477 1.04125 -19.3413 -1.77477 1.4624 -19.3413 -1.45161 
4 1.78556 7.31873 -1.03046 1.4624 7.31873 -1.45161 1.4624 -19.3413 -1.45161 1.78556 -19.3413 -1.03046 
4 1.98871 7.31873 -0.540018 1.78556 7.31873 -1.03046 1.78556 -19.3413 -1.03046 1.98871 -19.3413 -0.540018 
4 2.058 7.31873 -0.0137099 1.98871 7.31873 -0.540018 1.98871 -19.3413 -0.540018 2.058 -19.3413 -0.0137099 
4 2.67621 19.7413 0.473978 2.725 19.7413 -0.0369999 2.725 19.0133 -0.0369999 2.67621 19.0133 0.473978 
4 2.53159 19.7413 0.966489 2.67621 19.7413 0.473978 2.67621 19.0133 0.473978 2.53159 19.0133 0.966489 
4 2.29638 19.7413 1.42273 2.53159 19.7413 0.966489 2.53159 19.0133 0.966489 2.29638 19.0133 1.42273 
4 1.97908 19.7413 1.82621 2.29638 19.7413 1.42273 2.29638 19.0133 1.42273 1.97908 19.0133 1.82621 
4 1.59115 19.7413 2.16236 1.97908 19.7413 1.82621 1.97908 19.0133 1.82621 1.59115 19.0133 2.16236 
4 1.14662 19.7413 2.41901 1.59115 19.7413 2.16236 1.59115 19.0133 2.16236 1.14662 19.0133 2.41901 
4 0.661549 19.7413 2.58689 1.14662 19.7413 2.41901 1.14662 19.0133 2.41901 0.661549 19.0133 2.58689 
4 0.153471 19.7413 2.65994 0.661549 19.7413 2.58689 0.661549 19.0133 2.58689 0.153471 19.0133 2.65994 
4 -0.35925 19.0133 2.63552 -0.35925 19.7413 2.63552 0.153471 19.7413 2.65994 0.153471 19.0133 2.65994 
4 -0.858083 19.0133 2.5145 -0.858083 19.7413 2.5145 -0.35925 19.7413 2.63552 -0.35925 19.0133 2.63552 
4 -1.325 19.0133 2.30127 -1.325 19.7413 2.30127 -0.858083 19.7413 2.5145 -0.858083 19.0133 2.5145 
4 -1.74312 19.0133 2.00352 -1.74312 19.7413 2.00352 -1.325 19.7413 2.30127 -1.325 19.0133 2.30127 
4 -2.09734 19.0133 1.63203 -2.09734 19.7413 1.63203 -1.74312 19.7413 2.00352 -1.74312 19.0133 2.00352 
4 -2.37486 19.0133 1.20021 -2.37486 19.7413 1.20021 -2.09734 19.7413 1.63203 -2.09734 19.0133 1.63203 
4 -2.56563 19.0133 0.723678 -2.56563 19.7413 0.723678 -2.37486 19.7413 1.20021 -2.37486 19.0133 1.20021 
4 -2.66277 19.0133 0.219651 -2.66277 19.7413 0.219651 -2.56563 19.7413 0.723678 -2.56563 19.0133 0.723678 
4 -2.66277 19.0133 -0.293651 -2.66277 19.7413 -0.293651 -2.66277 19.7413 0.219651 -2.66277 19.0133 0.219651 
4 -2.56563 19.0133 -0.797678 -2.56563 19.7413 -0.797678 -2.66277 19.7413 -0.293651 -2.66277 19.0133 -0.293651 
4 -2.37486 19.0133 -1.27421 -2.37486 19.7413 -1.27421 -2.56563 19.7413 -0.797678 -2.56563 19.0133 -0.797678 
4 -2.09734 19.0133 -1.70603 -2.09734 19.7413 -1.70603 -2.37486 19.7413 -1.27421 -2.37486 19.0133 -1.27421 
4 -1.74312 19.0133 -2.07752 -1.74312 19.7413 -2.07752 -2.09734 19.7413 -1.70603 -2.09734 19.0133 -1.70603 
4 -1.325 19.0133 -2.37527 -1.325 19.7413 -2.37527 -1.74312 19.7413 -2.07752 -1.74312 19.0133 -2.07752 
4 -0.858083 19.0133 -2.5885 -0.858083 19.7413 -2.5885 -1.325 19.7413 -2.37527 -1.325 19.0133 -2.37527 
4 -0.35925 19.0133 -2.70952 -0.35925 19.7413 -2.70952 -0.858083 19.7413 -2.5885 -0.858083 19.0133 -2.5885 
4 0.153471 19.0133 -2.73394 0.153471 19.7413 -2.73394 -0.35925 19.7413 -2.70952 -0.35925 19.0133 -2.70952 
4 0.661549 19.7413 -2.66089 0.153471 19.7413 -2.73394 0.153471 19.0133 -2.73394 0.661549 19.0133 -2.66089 
4 1.14662 19.7413 -2.49301 0.661549 19.7413 -2.66089 0.661549 19.0133 -2.66089 1.14662 19.0133 -2.49301 
4 1.59115 19.7413 -2.23636 1.14662 19.7413 -2.49301 1.14662 19.0133 -2.49301 1.59115 19.0133 -2.23636 
4 1.97908 19.7413 -1.90021 1.59115 19.7413 -2.23636 1.59115 19.0133 -2.23636 1.97908 19.0133 -1.90021 
4 2.29638 19.7413 -1.49673 1.97908 19.7413 -1.90021 1.97908 19.0133 -1.90021 2.29638 19.0133 -1.49673 
4 2.53159 19.7413 -1.04049 2.29638 19.7413 -1.49673 2.29638 19.0133 -1.49673 2.53159 19.0133 -1.04049 
4 2.67621 19.7413 -0.547978 2.53159 19.7413 -1.04049 2.53159 19.0133 -1.04049 2.67621 19.0133 -0.547978 
4 2.725 19.7413 -0.0369999 2.67621 19.7413 -0.547978 2.67621 19.0133 -0.547978 2.725 19.0133 -0.0369999 
4 -8.70072 6.3761 -4.58635 -8.70072 6.3761 4.58635 -8.70072 5.97619 4.87627 -8.70072 5.97619 -4.87627 
4 -8.70072 16.846 -6.46417 -8.70072 16.8282 -6.07632 -8.70072 8.27789 -6.07632 -8.70072 8.29681 -6.46417 
4 -11.4725 16.8526 -4.94152 -11.4725 8.25826 -4.94152 -8.70072 8.27789 -6.07632 -8.70072 16.8282 -6.07632 
4 -8.70072 6.3761 -4.58635 -8.70072 8.27789 -6.07632 -11.4725 8.25826 -4.94152 -11.4725 7.93291 -4.66466 
4 -8.70072 5.97619 -4.87627 -8.70072 8.29681 -6.46417 -8.70072 8.27789 -6.07632 -8.70072 6.3761 -4.58635 
4 -8.70072 8.27789 6.07632 -8.70072 16.8282 6.07632 -8.70072 16.7978 6.46417 -8.70072 8.23667 6.46417 
4 -8.70072 18.9064 -4.50224 -11.4725 17.1474 -4.57992 -11.4725 17.1474 4.51173 -8.70072 18.9064 4.50224 
4 -8.70072 18.9064 4.50224 -8.70072 18.9064 -4.50224 -8.70072 19.3063 -4.78679 -8.70072 19.3063 4.78679 
4 -8.70072 8.27789 6.07632 -11.4725 8.25826 4.87012 -11.4725 16.8526 4.87012 -8.70072 16.8282 6.07632 
4 -8.70072 6.3761 4.58635 -8.70072 6.3761 -4.58635 -11.4725 7.93291 -4.66466 -11.4725 7.93291 4.59647 
4 -8.70072 16.8282 -6.07632 -8.70072 18.9064 -4.50224 -11.4725 17.1474 -4.57992 -11.4725 16.8526 -4.94152 
4 -8.70072 16.846 -6.46417 -8.70072 19.3063 -4.78679 -8.70072 18.9064 -4.50224 -8.70072 16.8282 -6.07632 
4 -11.4725 17.1474 4.51173 -8.70072 18.9064 4.50224 -8.70072 16.8282 6.07632 -11.4725 16.8526 4.87012 
4 -11.4725 8.25826 4.87012 -8.70072 8.27789 6.07632 -8.70072 6.3761 4.58635 -11.4725 7.93291 4.59647 
4 -8.70072 18.9064 4.50224 -8.70072 19.3063 4.78679 -8.70072 16.7978 6.46417 -8.70072 16.8282 6.07632 
4 -8.70072 8.27789 6.07632 -8.70072 8.23667 6.46417 -8.70072 5.97619 4.87627 -8.70072 6.3761 4.58635 
4 8.75672 5.97619 4.87627 8.75672 6.3761 4.58635 8.75672 6.3761 -4.58635 8.75672 5.97619 -4.87627 
4 8.75672 8.27789 -6.07632 8.75672 16.8282 -6.07632 8.75672 16.846 -6.46417 8.75672 8.29681 -6.46417 
4 8.75672 8.27789 -6.07632 11.4725 8.25826 -4.94152 11.4725 16.8526 -4.94152 8.75672 16.8282 -6.07632 
4 8.75672 6.3761 -4.58635 8.75672 8.27789 -6.07632 11.4725 8.25826 -4.94152 11.4725 7.93291 -4.66466 
4 8.75672 8.27789 -6.07632 8.75672 8.29681 -6.46417 8.75672 5.97619 -4.87627 8.75672 6.3761 -4.58635 
4 8.75672 16.7978 6.46417 8.75672 16.8282 6.07632 8.75672 8.27789 6.07632 8.75672 8.23667 6.46417 
4 11.4725 17.1474 4.51173 11.4725 17.1474 -4.57992 8.75672 18.9064 -4.50224 8.75672 18.9064 4.50224 
4 8.75672 19.3063 -4.78679 8.75672 18.9064 -4.50224 8.75672 18.9064 4.50224 8.75672 19.3063 4.78679 
4 8.75672 8.27789 6.07632 11.4725 8.25826 4.87012 11.4725 16.8526 4.87012 8.75672 16.8282 6.07632 
4 8.75672 6.3761 4.58635 8.75672 6.3761 -4.58635 11.4725 7.93291 -4.66466 11.4725 7.93291 4.59647 
4 -8.70072 16.846 -6.46417 -8.70072 8.29681 -6.46417 8.75672 8.29681 -6.46417 8.75672 16.846 -6.46417 
4 8.75672 16.7978 6.46417 8.75672 8.23667 6.46417 -8.70072 8.23667 6.46417 -8.70072 16.7978 6.46417 
4 -8.70072 19.3063 -4.78679 8.75672 19.3063 -4.78679 8.75672 19.3063 4.78679 -8.70072 19.3063 4.78679 
4 8.75672 5.97619 -4.87627 -8.70072 5.97619 -4.87627 -8.70072 5.97619 4.87627 8.75672 5.97619 4.87627 
4 11.4725 17.1474 -4.57992 8.75672 18.9064 -4.50224 8.75672 16.8282 -6.07632 11.4725 16.8526 -4.94152 
4 8.75672 18.9064 -4.50224 8.75672 19.3063 -4.78679 8.75672 16.846 -6.46417 8.75672 16.8282 -6.07632 
4 8.75672 5.97619 -4.87627 8.75672 8.29681 -6.46417 -8.70072 8.29681 -6.46417 -8.70072 5.97619 -4.87627 
4 8.75672 16.846 -6.46417 8.75672 19.3063 -4.78679 -8.70072 19.3063 -4.78679 -8.70072 16.846 -6.46417 
4 8.75672 16.8282 6.07632 8.75672 18.9064 4.50224 11.4725 17.1474 4.51173 11.4725 16.8526 4.87012 
4 8.75672 6.3761 4.58635 8.75672 8.27789 6.07632 11.4725 8.25826 4.87012 11.4725 7.93291 4.59647 
4 8.75672 16.7978 6.46417 8.75672 19.3063 4.78679 8.75672 18.9064 4.50224 8.75672 16.8282 6.07632 
4 8.75672 5.97619 4.87627 8.75672 8.23667 6.46417 8.75672 8.27789 6.07632 8.75672 6.3761 4.58635 
4 -8.70072 8.23667 6.46417 8.75672 8.23667 6.46417 8.75672 5.97619 4.87627 -8.70072 5.97619 4.87627 
4 -8.70072 19.3063 4.78679 8.75672 19.3063 4.78679 8.75672 16.7978 6.46417 -8.70072 16.7978 6.46417 
